Delta_Distance
-0.692400
-1.184500
-1.010800
-0.971500
-1.175300
-1.104400
-0.802900
-0.890500
-0.834500
-0.739000
-0.679400
-1.046700
-0.410500
-0.265900
-0.223700
-1.148800
-0.998400
-0.672800
-1.313600
-1.023600
-0.800100
-1.130200
-0.093500
-0.151200
-0.688400
-0.484500
-0.168400
-0.147600
-0.570300
-0.624400
-0.891200
-0.801400
-0.343400
-0.121500
-0.115400
-0.359500
-0.239200
0.121600
-0.673700
-0.253600
0.102900
-0.109200
-0.836700
-0.523100
-0.196600
-0.530300
-0.274900
-0.713100
-0.997900
-0.959100
-0.579900
-0.941300
-0.984400
-0.950900
-1.072400
-1.177600
-1.464500
-1.276800
-1.416500
-1.211600
-1.402400
-1.035800
-1.303200
-1.242000
-1.238300
-1.310500
-1.103000
-0.943200
-1.037700
-0.716400
-1.400600
-1.136300
-1.139700
-1.015300
-1.536200
-1.229500
-1.228900
-0.543600
-0.564600
0.111400
-0.157900
-0.346900
-0.260100
-0.567000
0.145900
-0.441900
-0.841700
-0.575800
-0.436600
-0.856600
-0.695800
-0.150300
-0.126100
-0.511400
-0.626800
-0.208500
0.666800
0.068400
0.086100
0.272300
0.142100
0.374300
-0.027700
-0.236800
-0.045900
-0.102500
0.125900
0.194600
-0.038300
-0.465100
-0.199400
-0.018600
-0.171700
-0.101100
-0.094900
0.166500
-0.562700
-0.147500
0.275000
-0.059600
-0.477900
-0.219400
-0.199700
-0.143600
-0.726800
-0.991300
-1.028100
-1.164200
-1.332300
-0.513400
-1.050500
-1.270100
-0.846300
-0.793800
-0.767800
-0.867700
-1.207200
-0.760400
-1.076300
-1.216600
-1.017900
-0.919000
-1.301800
-1.098400
-0.838900
-1.294100
-1.531300
-1.208800
-1.597900
-1.226900
-1.438900
-0.567700
-0.060000
0.402500
-0.080000
-0.452200
-0.069400
-0.094000
-0.000100
-0.499900
-0.309100
-0.247200
-0.128800
0.117800
-0.141700
0.245500
0.619700
0.212600
-0.192900
-0.360100
-0.150700
-0.431100
-0.730200
-0.715400
-0.935100
-1.010700
-0.843000
-0.635700
0.047300
-0.311300
-0.492900
0.070500
0.181000
0.144800
0.340600
-0.171000
-0.355100
-0.008900
0.119800
-0.703700
-1.191300
-1.022500
-0.575900
-0.723000
-0.914400
-1.109500
-1.079800
-0.547100
-1.275100
-0.776700
-1.039500
-1.148600
-0.937500
-0.944600
-1.145000
-0.991200
-0.170000
-0.090900
-0.421000
-0.211100
-0.490300
-0.052600
0.096300
-0.126500
0.392600
-0.154600
0.048700
-0.314900
-0.658300
-0.291100
-0.527500
-1.149300
-0.902800
-0.608200
-0.788300
-0.760000
-0.555100
-0.600300
0.132800
-0.366400
-0.006800
-0.327800
-0.375200
-0.975700
-1.344700
-0.832000
-0.255100
-0.479300
-0.595100
0.088600
-0.180900
0.069000
-0.561000
-0.708800
-0.594600
0.048300
-0.426100
-0.225600
-0.730300
-0.991900
-0.935200
-0.711900
-1.263700
-0.916600
-1.010000
-0.951100
-1.127000
-1.050800
-1.327500
-1.405300
-1.156300
-1.262300
-1.475800
-1.523900
-1.023900
-1.198000
-1.222500
-1.342600
-0.863500
-1.420500
-1.360200
-1.585400
-0.787300
-0.755500
-0.370500
-0.594900
-0.545400
-0.518700
-0.634300
-0.914900
-0.758300
-0.736000
-0.871300
-1.032700
-0.826200
-1.086400
-0.382700
-0.998900
-1.482700
-1.490200
-1.283100
-0.993500
-0.714200
-1.343200
-0.722600
-1.387300
-1.421200
-0.625500
-1.033800
-0.985300
-1.011000
-0.888300
-1.165800
-1.226400
-1.211600
-0.970900
-0.651700
-0.836000
-1.058800
-0.705300
-0.489200
-1.135400
-1.050900
-0.847600
-0.794600
-1.220100
-1.042400
-1.328700
-0.739500
-0.769500
-1.436100
-0.781500
-1.353400
-0.670800
-1.014500
-0.760100
-1.085200
-0.997300
-1.111300
-0.917400
-0.959300
-1.080000
-0.998200
-1.299100
-1.375000
-0.583600
-0.514300
-0.701500
-1.215100
-1.109000
-0.362700
-0.330000
-1.085800
-0.670600
-1.469400
-0.508500
-1.332500
0.069500
-0.216000
-0.353600
-0.110300
0.729500
0.540700
-0.113100
0.320900
-0.074400
-0.153600
0.066700
-0.272500
-0.540400
0.009800
-1.235900
-1.337000
-1.286000
-1.109000
-1.319100
-1.259200
-1.158000
-0.144300
-0.357500
-0.147700
-0.474000
-0.898600
-0.755000
-1.042800
-1.226800
-1.135600
-0.657400
-0.535400
-1.152500
-0.778400
-0.740100
-0.416100
-0.115200
-0.083700
-1.089000
-1.263500
-0.586600
-0.305900
-0.192400
-1.080100
-1.120400
-0.979000
-1.086600
-0.925200
-0.832500
-1.037900
-1.543300
-1.279300
-0.856600
-1.181300
-1.309100
-1.427400
-0.995800
-1.390000
-0.948800
-1.124500
-1.288800
-1.299000
-0.754700
-1.256600
-0.696900
-1.402300
-1.220100
-0.715600
-0.765100
-0.936600
-0.794200
-0.971300
-0.416700
-0.148900
-1.090600
-0.506400
-1.190900
-1.256300
-1.083600
-1.572500
-1.238400
-0.988400
-0.820000
-0.770800
-1.187600
-1.422100
-0.038800
-0.690100
0.175700
-0.754300
-0.704600
-0.413100
-0.505500
-0.293000
-0.140000
-0.434000
-0.012100
-0.001800
0.026600
0.160300
0.065300
-0.622500
-0.306100
-0.354100
0.039200
-0.053900
-0.858200
0.021100
-0.160900
0.002300
-0.267300
-0.117300
-0.073500
-0.346900
-0.326800
0.409700
-0.316400
-0.181400
-0.217900
-0.409800
-0.387100
-0.094500
-0.356700
-0.235000
-0.225100
-0.259500
-0.414900
-0.660800
-0.708500
-0.538300
0.066200
-0.891200
-0.773200
-0.866100
-0.893600
-1.333200
-1.213500
-1.277700
-1.119700
-1.156800
-1.329200
-1.270800
-0.732600
-1.381300
-1.142400
-1.024400
-1.112700
-1.385500
-0.830500
-1.031100
-0.869300
-1.131900
-0.789500
-0.530800
-0.826700
-1.181300
-1.232100
-1.136000
-1.556000
-1.496700
-0.848300
-1.321600
-0.307200
0.661600
0.089200
-0.107100
0.041500
-0.316700
-0.043400
0.151900
-1.016500
-1.327300
-0.925400
-1.279800
-0.727400
-1.386300
-1.265200
-1.302300
-0.671200
-1.440100
-1.256400
-1.406700
-1.117400
-1.004200
-1.554900
-1.144000
-0.876600
-0.846500
-1.241300
-1.250600
-1.331900
-0.641700
-0.783800
-1.097700
-0.809100
-1.021800
-1.286700
-0.960000
-1.080200
-1.206200
-0.593700
-0.875600
-0.153500
-0.302500
-0.227100
0.023900
0.172400
0.187800
0.004200
0.148800
-0.063900
0.706200
-0.388600
0.320600
-0.530400
-0.495800
-0.366700
-0.007200
-0.388000
-0.298800
-0.437900
-0.693600
-0.555100
-0.897700
-0.980300
-1.266700
-1.038100
-1.037500
-0.946300
-1.185500
-1.054500
-0.990200
-1.267200
-0.450400
-0.710200
-0.868700
-1.071500
-0.758600
-0.731500
-0.980800
-0.702200
-0.479500
-0.709400
-0.609200
-0.632600
-0.526100
-0.814800
-0.711500
-0.929400
-1.406900
-1.339700
-1.198800
-1.547900
-0.834400
-1.141900
-0.994200
-1.260600
-1.201500
-1.147500
-0.917400
-1.082800
-1.408000
-0.098700
-1.073800
-1.342400
-1.493100
-1.200000
-0.692000
-0.695800
-0.943800
-0.590500
-0.358500
-0.480000
-0.296300
-0.353400
0.044400
-0.394400
0.177300
0.085600
0.386500
0.077600
-0.735900
-0.912700
-0.682300
-0.802800
-0.366200
-0.779400
-0.320500
-0.895700
-0.457800
-0.403300
-0.755600
-1.036600
-0.623300
-0.966000
-0.786100
-0.263200
-0.276000
0.030400
0.131400
-0.274400
-0.987300
-1.224100
-1.148500
-0.990900
-0.277500
-0.025900
-0.220000
-0.285700
0.005000
-0.254100
-0.099200
0.282000
-0.207200
0.166700
-0.145300
-0.224900
0.077600
0.412100
0.585500
0.241900
0.041700
-0.102200
0.404900
-0.142900
-0.026000
0.482700
0.406300
-0.222300
-0.100700
0.475800
-0.089500
0.175800
0.220300
-0.074500
-0.334900
-0.136700
-0.047900
-0.326300
-0.477600
0.374000
0.182600
0.124200
0.670100
0.242400
-0.144600
-0.363700
-0.452500
-0.999000
-0.948600
-0.688400
-0.925400
-0.489000
-0.794200
-0.731900
-0.777000
-0.452900
-0.360300
-0.523000
-0.522100
-0.137400
-0.537900
-0.413500
-0.474300
-0.928700
-0.974900
-1.040300
-0.857800
-0.965200
-1.139800
-1.332000
-0.810600
-0.571100
-0.984900
-1.065600
-1.043600
-1.187500
-1.185400
-0.531200
-0.714000
-0.192500
-0.588800
-0.304200
-0.181200
-0.422500
-0.413000
-0.369100
-0.440700
0.278600
-0.089200
0.097500
0.333100
-0.166900
-0.049400
0.332700
-0.243400
0.432200
-0.030700
0.151800
0.006400
-0.948900
-0.735600
-0.869600
-1.180400
-0.625900
-0.422800
-1.097500
-0.986000
-1.196600
-1.169600
-1.210900
-1.417500
-1.375300
-0.988800
-1.263200
-0.630000
-0.717900
-1.205700
-1.002100
-0.952900
-1.152700
-1.279800
-0.943300
-1.338100
-1.392400
-1.289700
-0.937900
-1.513700
-1.020800
-1.218400
-1.233200
-0.653500
-1.328700
-1.200100
-1.191400
-0.987400
-0.820200
-1.060800
-0.915800
-1.025200
-0.985300
-0.761600
-0.758600
-1.261300
-1.224300
-0.780200
-0.854400
-0.754500
-0.193600
-1.169900
-0.191200
0.293700
-0.262300
-0.096000
-0.557100
-0.592300
0.030900
0.610000
-0.229500
0.398900
0.573900
-0.144400
0.134900
0.141200
0.262600
0.230200
0.515200
-0.021300
-0.425100
0.040500
-0.325700
-0.397100
-0.040200
0.172800
-0.229700
-0.065400
0.001100
-0.412100
0.322400
-0.372400
-0.799600
-0.514800
-0.447600
0.176000
-0.547300
-0.501300
0.090200
-0.037900
-0.350600
-0.684400
-1.361000
-1.485900
-1.453000
-0.629900
-1.026400
-1.170100
-1.207000
-1.047300
-1.130400
-1.255600
-0.895300
-1.426300
-1.250000
-1.363300
-1.235000
-1.170200
-1.143700
-0.668300
-1.238300
-0.228700
-0.619100
-0.434500
-0.914400
-1.004500
-1.465800
-0.900700
-1.139600
-1.288100
-1.086700
-1.412700
-1.359000
-0.803400
-1.153500
-0.878000
-0.792200
-0.109500
-0.037400
-0.020200
0.285400
0.048300
-0.239400
0.709200
-0.380200
0.301100
0.229000
0.043100
-0.565500
-0.488100
-0.500800
-0.554900
-0.420800
-0.433400
-0.221400
0.095400
-0.497600
-0.999100
-0.180100
0.063200
-0.500600
-0.743100
0.068500
-0.187700
-0.732800
-0.331300
-0.678100
-0.435900
-0.364400
-0.427100
-0.296600
0.292800
0.469400
0.442800
0.035400
0.083700
0.601500
0.307600
-0.232400
0.068300
0.251700
0.329900
-0.064400
0.624700
0.171900
0.473700
0.122700
0.973000
0.605700
0.807500
0.511000
-0.276000
0.465300
-0.116900
0.522600
0.540900
0.309200
0.257000
0.273400
-0.132400
0.738700
0.756600
-0.417700
-1.022900
-0.787500
-1.146600
-0.879400
-0.909200
-1.025900
-1.456800
-1.409200
-1.220800
-1.257700
-0.912800
-0.553300
-0.724000
-1.092200
-0.920000
-1.049800
-1.094800
-1.369300
-0.894100
-0.744400
-0.262500
-0.730200
-0.556600
-0.488700
-1.176700
-1.156100
-1.103100
-1.098400
-1.188200
-1.376200
-1.059500
-1.116500
-1.357000
-0.747500
-1.024000
-1.186700
-1.474200
-1.259200
-1.531900
-0.868300
-0.185100
-0.392500
-0.816300
0.046900
0.333500
-0.403400
-0.051200
0.047000
0.091500
0.080600
0.033600
0.116700
-0.286700
-0.230800
-0.008500
0.253500
0.278100
-0.186000
-0.087600
0.309200
0.004500
-0.077500
0.304000
-0.531500
-0.390800
0.038900
0.081800
-0.287600
-0.343700
-0.173700
0.272200
-0.083500
0.021800
0.336200
0.286900
0.418100
0.155800
-0.074000
0.218900
0.258200
0.240300
0.032800
-0.449200
0.089700
0.756700
-0.033100
-0.150800
-0.024600
-0.734000
-0.558800
-0.367800
-1.055000
-1.243400
-0.464400
-0.210900
-0.437300
-0.159300
-1.190000
-1.108500
-0.771200
-0.220800
-0.484100
-0.028000
-0.420700
-0.354200
-0.234200
-0.024300
-0.240800
-0.081200
0.055000
-0.037900
-0.076100
-0.685400
-0.837600
-0.726200
-0.682400
-1.211600
-1.205100
-0.987800
-1.111200
-1.154900
-1.047800
-1.322300
-0.841800
-1.160000
-1.297600
-0.795100
-1.017500
-1.074300
-1.471000
-1.264700
-1.177900
-0.921800
-0.607800
-0.924700
-0.171200
-0.979400
-0.968100
-1.244200
-0.593100
-0.460200
-1.399000
-0.946900
-0.978500
-1.057100
-0.479800
-1.194400
-1.025600
-1.172200
-1.012700
-1.172700
-0.970500
-0.717900
-1.254100
-0.404600
-0.628500
-1.166700
-0.964800
-0.887800
-0.425200
-1.212500
-1.433200
-0.048900
-0.658200
0.172700
-0.216000
-0.147800
-0.600100
-1.191200
-1.498000
-1.215100
-1.148100
-0.825700
-1.053300
-0.950200
-0.760700
-0.722700
-0.539600
-0.744600
-0.827700
-0.790400
-1.021400
-0.615500
-0.845100
-1.278700
-1.194300
-0.555700
-1.324400
-1.321200
-1.263400
-0.855800
-1.406000
-1.107200
-1.543200
-0.824800
-1.352600
-1.304900
-1.612700
-1.073900
-1.216200
-0.792400
-0.688800
-1.313800
-1.495300
-1.298300
-1.376400
-0.742100
-1.245700
-0.899800
-1.146300
-0.713900
-1.288900
-1.345200
-0.781100
-1.307400
-1.651700
-1.464900
-0.895600
-1.329200
-1.454000
-0.390600
-1.034700
-0.716200
-0.987200
-1.498000
-0.915600
-0.774400
-0.383500
-0.078700
-0.264600
-1.239600
-0.937800
-1.135600
-0.784900
-1.627300
-0.399400
-0.743200
-0.934600
-1.093000
-1.258600
-0.599100
-0.999600
-0.987500
-0.194100
-0.672900
-1.309700
-0.306100
-0.344800
-0.161400
-0.582200
-0.906600
-0.421500
-0.749100
-0.564500
-0.850100
-0.930900
-0.328200
-0.503000
-0.640400
-0.876900
-0.436900
-0.596700
0.057800
-0.573600
-0.537100
-0.544000
-1.024400
-0.557100
0.012600
-0.020100
0.222600
0.067900
0.239400
-0.290100
-0.063900
-0.241400
-0.885000
-1.422900
-0.954000
-1.433600
-1.384000
-1.244200
-1.184700
-1.177500
-1.362500
-1.292500
-1.154100
-1.081300
-0.859100
-1.325300
-1.309000
-1.354500
-1.267000
-1.010800
-1.450100
-1.356500
-1.061200
-1.094900
-1.413100
-1.043800
-1.276100
-1.441400
-1.102200
-0.946900
-1.671600
-0.890700
-1.283100
-1.148300
-0.972100
-1.532300
-1.006400
-1.402800
-1.360100
-1.148900
-1.321000
-1.099200
-1.145800
-1.325200
-1.025100
-1.383700
-1.189200
-1.209200
-1.426200
-1.112800
-0.835200
-1.245800
-1.160700
-0.764000
-1.125200
-0.851300
-0.794700
-1.114700
-1.106300
-1.368500
-1.263800
-0.658700
-0.511200
-0.580700
-0.324900
-0.397400
-0.527900
-0.208400
-0.377900
-0.763300
-0.363100
-0.204800
-0.346800
-0.531900
-0.707000
-0.187900
-0.416400
-0.345300
0.071300
0.340100
-0.003600
-0.171700
-0.553500
-0.566300
-0.487800
0.368400
-0.295000
0.110900
-0.442700
-0.633400
-0.150800
-0.262700
0.184300
0.324400
-0.053100
0.019200
0.267900
-0.443100
-0.574800
0.158900
0.300600
-0.240000
-0.061400
-0.140300
-0.107000
-0.114400
0.168500
-0.226700
-0.318400
-1.007100
-1.161600
-1.500900
-1.319700
-1.344000
-1.567400
-1.215300
-1.005100
-0.877400
-1.092000
-0.779200
-1.571500
-1.023100
-1.155400
-1.086300
-1.402800
-1.076500
-1.392800
-1.457200
-1.152700
-1.027600
-1.291300
-0.973900
-0.672800
-0.381500
-0.602600
-0.061300
0.194300
-0.312500
0.124500
-0.016500
-0.037100
-0.003900
-0.030400
-0.190300
-0.608700
-0.590100
-0.997500
-0.499500
-0.521600
-0.602300
-0.872700
-1.207800
-0.826800
-0.971500
-0.816800
-1.228700
-1.248800
-0.374900
-1.444000
-1.330000
-0.951100
-1.209300
-1.209200
-1.548300
-1.078000
-1.266000
-1.130700
-1.231400
-1.035800
-1.227800
-1.510300
-1.228700
-1.081500
-1.325600
-0.820400
-0.931100
0.158300
0.045200
-0.024800
-0.084300
0.137200
-0.123600
-0.097200
-0.444800
-0.203200
-0.066300
-0.733500
-0.368500
-0.308500
-0.524500
0.361600
0.334200
-0.926000
-0.248500
0.186000
-0.299300
-0.176700
-0.323400
0.276900
0.145400
0.474200
-0.136700
-0.165500
-0.012400
0.365500
-0.065400
-0.765700
-0.812000
-0.668000
-0.002900
-0.870900
-0.975100
-1.363200
-1.451300
-1.393200
-1.180800
-1.319600
-1.331500
-1.451200
-1.540800
-0.275200
0.114100
0.282900
0.528500
-0.009000
-0.040700
0.125200
0.135600
0.390200
0.061500
0.101400
0.107500
0.008100
0.019100
-1.413700
-0.366000
-0.409500
-0.366000
-0.751400
-0.208000
-0.584200
0.064300
0.075100
-0.418000
0.146700
0.101500
-0.140600
-0.372600
-0.696000
-0.539900
-0.151500
-0.055300
0.236200
-0.377700
-0.080800
-0.277200
-0.561000
-0.878500
-1.332400
-1.337400
-0.994700
-1.450700
-1.545700
-1.148200
-0.715100
-1.156200
-0.991400
-0.439200
-0.904200
-0.769000
-0.710200
-0.536500
-0.298900
-1.143800
-0.616900
-0.622200
-0.927800
-0.583000
-1.379000
-1.369300
-0.568000
-0.836700
-1.210700
-0.916000
-0.860100
-1.244200
-0.948200
-1.221800
-1.090400
-0.671100
-0.799500
-1.116100
-1.311200
-1.678200
-1.347300
-1.111900
-1.348300
-1.510400
-1.095700
-1.334300
-1.089700
-1.284400
-1.006100
-0.981900
-1.255200
-1.431000
-1.374200
-1.416700
-0.833000
-1.206800
-0.725100
-1.252100
-0.519200
-0.234200
-0.333200
-0.278400
-0.070300
-1.290600
-1.596000
-1.480300
-1.452400
-0.805600
-1.243800
-0.782300
-1.136000
-1.308100
-1.046200
-0.858100
-1.493600
-1.249400
-1.071400
-0.936300
-1.481500
-1.133100
-0.815000
-1.162700
-1.587500
-1.290300
-1.203500
-1.371400
-0.676700
-0.939000
-0.693000
-0.754200
-0.774200
-0.482500
-0.533500
-0.483400
-0.073100
-0.351900
-0.011800
0.049800
-0.098200
-0.034100
0.045400
-0.400400
-0.659600
0.000800
-0.037700
-0.409900
-0.704300
-0.354300
-0.368400
-0.463400
-0.270800
-0.482400
-0.192700
-0.033100
-0.015900
-0.366000
-0.002000
-0.033900
0.130500
-0.286200
-0.092600
-0.350100
-0.019100
0.338700
-0.179400
0.356600
0.059000
-0.348100
-0.358100
-0.179500
-0.534000
-0.110000
0.248700
-0.508000
-0.223200
-0.867800
-0.491100
-0.800800
-0.996800
-0.539400
-0.421700
-0.436100
-0.258000
-0.206400
-0.482000
-0.274600
-0.297000
-0.134800
-0.271600
-0.720300
-0.703000
-0.841500
-0.950700
-1.144000
-0.819900
-0.078900
-0.075400
0.300500
-0.000900
-0.581000
-0.017500
-0.145300
-0.825900
-1.011900
-1.261500
-0.732100
-0.954600
-1.184100
-1.294200
-0.816900
-1.262000
-1.351100
-1.259600
-1.534700
-1.022900
-1.466800
-0.473800
-0.773100
-1.299700
-1.419400
-1.515500
-0.946700
-1.480000
-1.072600
-1.000600
-1.184100
-1.442200
-1.293200
-1.433400
-1.368000
-0.809100
-0.951800
-0.218900
-0.285300
-0.329500
-0.262700
-0.341300
-0.270700
-0.069100
-0.278100
-0.792800
-0.769200
-0.428000
-0.905300
-1.001200
-1.080300
-1.059600
-1.361800
-1.331000
-0.895100
-1.224200
-1.367500
-1.336300
-1.373700
-0.725000
-0.299500
-0.481500
-0.404200
-0.039800
-0.300300
-0.450000
-0.192400
-0.432800
-0.800300
-0.544100
-0.635400
-0.421300
0.049700
-0.217700
-0.397100
-0.348800
-0.164700
-0.291500
-0.012200
-0.268600
-0.537300
-0.624400
-0.043100
-0.417100
-0.785400
-0.655600
0.009000
-0.746700
-0.893800
-1.137700
-0.601600
-0.966700
-0.758400
-0.819000
-1.290200
-1.169000
-0.670800
-1.078900
-0.992600
-0.957500
-0.782000
-0.990400
-0.540200
-0.644600
-1.151000
-0.917800
-1.459400
-1.016800
-0.614000
-1.305700
-1.156400
-1.246500
-0.735300
-0.411100
-0.672000
-0.333500
-0.684100
-0.484300
-0.262800
-0.638800
-0.146300
-0.051100
-0.319000
0.035700
0.563800
-0.167400
-0.247200
0.094400
0.046800
0.007600
0.088300
0.083500
-0.266100
-0.458700
-0.217600
-0.396800
-0.407700
-0.318100
-0.150000
-0.417600
-0.155500
-0.345300
0.026900
0.359900
-0.010500
0.069400
-0.370900
-0.335800
-0.075500
-0.461300
-0.505700
-0.672200
-0.561900
-0.199100
0.202700
0.245900
0.208500
0.251700
-0.042500
0.033800
0.074000
-0.172300
-0.235700
0.216100
-0.322500
-0.280700
-0.138400
-0.019900
-0.514900
-0.475700
-0.663300
-0.909900
-0.185900
-0.127900
-0.426400
0.219400
0.357100
-0.078100
-0.180300
0.135800
0.510500
0.361000
0.020100
0.417000
0.207800
0.395000
-0.355500
-0.575900
0.487000
0.269800
-0.933400
-1.012100
-0.362400
-0.294500
-0.464000
-0.443100
-0.229000
-0.190600
-0.611900
-0.086600
-0.041300
0.356400
-0.312400
-0.434000
-0.354400
-0.890100
-0.627400
-0.479200
-0.102000
-0.561300
-0.387400
-0.705000
-1.236900
-1.038900
-0.804400
-1.267900
-1.119700
-1.216900
-1.254500
-1.231100
-1.157400
-0.364500
-0.318700
-0.442700
-0.664500
-0.914200
-1.224000
-0.547400
-0.356400
0.574900
-0.348200
-0.835700
-0.919000
-0.711600
-1.393700
-0.341600
-0.647200
-0.229700
-0.043700
0.335700
0.264200
0.161900
-0.236900
0.479800
0.040000
-0.237100
-0.267700
-0.457000
-0.722100
-1.031100
-0.463000
-0.120000
-0.272300
-0.478200
-0.693000
-0.384300
-0.360000
-0.791900
-0.085400
0.481100
0.318400
-0.055500
-0.012300
-0.556800
-0.005100
0.121200
-0.571500
-0.443900
-0.287700
0.183600
-0.430900
0.038000
-0.108500
-0.567800
0.165800
0.302800
-0.213700
-0.385900
-0.281700
-0.107600
-0.336200
0.106000
-0.414000
-0.106000
-0.224600
0.238800
-0.385800
0.677700
-0.022100
-0.382100
-0.346600
-0.936000
-0.529200
-0.656300
-0.706300
-1.134600
-0.902000
-0.059300
-0.563100
-0.629900
-1.073700
-0.308000
-0.682600
-0.483900
-0.299300
-0.758500
-0.881600
-0.977200
-1.129400
-1.084900
-1.217700
-0.961000
-1.171200
-1.628200
-1.074100
-1.532800
-0.764400
-0.434700
-1.030900
-0.681900
-0.423000
-0.311700
-0.362200
-0.054100
0.035800
-0.084100
-0.454100
0.046500
0.201700
-0.319200
0.527100
-0.014200
0.034300
0.470900
-0.170300
-0.099900
-0.212700
-1.303500
-0.973500
-0.846800
-1.228100
-1.087300
-1.228700
-1.009000
-0.722200
-0.870100
-0.564300
-0.661900
-1.109100
-1.368400
-1.171000
-1.296000
-1.163000
-0.237600
0.708600
-0.274300
-0.384900
-0.212000
-0.460400
-0.173900
-0.192900
-0.272400
-0.015300
-0.291100
0.013300
-0.683700
-1.037400
-0.174600
-0.134800
-1.114900
-0.851900
-0.008800
-1.117400
-1.298200
-0.984900
-1.445000
-0.748800
-1.166100
-1.127900
-1.439700
-1.231400
-0.398400
-1.006400
-1.569300
-1.132300
-0.982400
-0.613800
0.044700
-0.211800
0.481800
-1.103100
-0.683300
-0.783700
-0.305600
-0.193100
-0.521300
0.090300
-0.043400
-0.201000
-0.058900
0.178800
0.400800
-0.393200
-0.123500
-0.364800
-0.136700
-0.520100
-0.037900
-0.211400
-0.154800
-0.443900
-0.025700
0.554000
-0.175300
0.290400
-0.027700
-1.200100
-1.261800
-1.296800
-1.105200
-0.874400
-1.323400
-0.966800
0.092500
-0.339800
-0.691000
-0.492800
-0.382200
-0.123300
-0.509000
-0.637600
-0.358700
-0.745700
-1.046900
-1.453600
-0.560500
-0.783600
-1.162400
-1.347000
-1.169600
-1.250500
-1.461500
-1.420900
-0.912400
-0.772800
-1.070200
-0.720300
-1.017900
-0.428400
-0.279000
-1.283500
-0.931400
-1.167000
-0.930100
-0.864600
-0.689200
-0.713800
-0.803700
-0.119600
-1.030500
-1.444200
-1.163400
-1.273000
-1.170100
-0.862200
-1.072700
-0.715200
-0.761800
-1.103300
-1.072400
-1.188900
-0.805100
-0.742700
-0.949100
-0.699100
-0.010600
-0.739000
-0.897000
-0.821300
-1.079000
-0.962000
-0.634000
-0.927400
-1.100300
-1.010200
-1.409000
-0.884700
-0.908400
-0.769000
-0.658500
-1.280900
-0.853800
-1.308600
-1.314100
-0.879300
-1.396600
-0.841100
-1.103200
-0.967800
-0.854500
-0.555500
-0.331700
-0.319100
-0.559400
-0.770100
-1.067400
-0.967700
-0.288600
-1.154500
-0.823000
-0.576500
-0.780700
-0.807200
-0.896200
-1.103300
-0.984300
-0.900100
-0.899700
-0.915500
-0.997200
-0.299600
-0.374800
-0.198600
-0.071200
-0.449300
0.253400
-0.610600
-0.729100
-0.483300
-0.236600
-0.344700
-1.073300
-1.019000
-0.592900
-1.003600
-1.052600
-0.912000
-0.664100
0.181600
-0.656900
0.168200
-0.227400
0.608600
-1.200800
0.414400
-0.055500
0.036500
0.179300
-0.296100
0.275300
-0.047300
0.060600
-0.167100
-0.244200
-0.098700
-0.692400
0.123000
-0.412100
-0.878200
-0.630700
-0.573500
-0.588700
-0.697000
-0.858900
-0.755000
-0.831600
-0.866000
-0.720400
-0.565000
-1.174500
-0.369300
-0.274800
-0.371900
0.157800
-0.468100
0.401100
0.344200
-0.098200
0.088300
-0.194200
-0.527100
-0.031400
-0.237300
-0.226500
-0.532000
-0.311100
-0.018300
-0.351500
-0.161000
-0.176000
-0.012800
-0.084600
0.046800
-0.909800
-0.774800
-1.126600
-1.067100
-0.980100
-0.758000
-0.951100
-1.063000
-0.602600
-1.415700
-1.101100
-1.367300
-1.290400
-1.342800
-1.558300
-1.281200
-1.398000
-1.290500
-1.383100
-1.357600
-0.796300
-0.774400
-0.536900
-0.232100
0.000300
-0.199300
-0.657800
-0.296800
-0.056700
-0.459500
-0.409000
-0.078700
0.112600
-0.104700
-0.511600
-0.371100
-0.550200
0.002900
0.060800
0.225400
0.066900
-0.228300
-0.138700
0.263300
0.116200
-0.345200
-0.279900
-0.131200
-0.086000
-0.075000
-0.592600
-0.324800
-1.233300
-1.212600
-1.446800
-1.515200
-1.000700
-1.254500
-1.558300
-0.844200
-1.217300
-1.157100
-1.543600
-1.431700
-1.007700
-1.471700
-1.074300
-1.543800
-0.199400
-0.778300
0.061300
0.478300
-0.407200
-0.641300
-0.354800
-0.749200
-0.394400
-1.062300
-0.544500
-0.408500
-0.402400
-0.684900
-1.260800
-1.102600
-0.789200
-0.759000
-1.327400
-1.006600
-0.258000
-0.626100
-0.508800
-0.589900
-0.375300
-0.302600
0.169500
-0.299500
0.238400
-0.652400
0.321000
-0.287000
0.476000
0.206500
-0.020900
-0.310900
-0.200100
-0.123200
-0.267000
-0.003400
-0.105700
-0.560000
-0.433700
-0.289900
0.049100
-0.338400
0.081200
0.308400
-0.211500
-0.135500
-0.318600
-0.258900
-0.163400
-0.740600
-0.379400
-0.734500
-0.511600
-0.507500
-0.213100
-0.157700
-0.447600
-1.137500
-0.840100
-0.766800
-0.832200
-0.983900
-0.621500
-0.927600
-0.086900
-0.500600
-0.237500
-0.278100
-0.465300
0.039300
-0.486700
-0.895000
-1.020700
-1.144500
-1.152300
-1.110500
-1.295600
-1.314200
-0.948400
-1.479600
-1.082100
-1.303300
-1.085700
-1.452500
-0.837900
-1.335500
-1.255500
-0.974900
-0.742900
-0.954000
-0.706100
-0.812600
-0.899700
-0.984800
-0.795800
-1.205400
-0.005800
-1.135700
-1.099300
-1.019900
-0.998100
-1.606800
-0.472800
-1.220500
-0.747100
-0.720000
-1.192000
-0.846000
-1.001300
-0.512200
-0.752000
-0.896700
-0.494100
-0.905700
-1.622000
-1.263400
-1.463200
-1.515700
-1.358300
-0.995000
-1.219400
-1.064100
-0.436200
-0.293600
0.153000
-0.284300
-0.116400
-0.027700
-0.746000
-0.390700
-0.453200
-0.001400
0.108100
0.077900
0.082800
0.055300
-0.132500
-0.393100
-0.122400
-0.450200
0.401800
0.141800
-0.362300
-0.018400
0.059000
0.029500
0.063500
-0.425100
-0.090400
-0.365900
0.210800
-0.071800
-0.126800
0.130400
-0.367000
-0.070300
-0.327700
-0.246300
-0.208500
-0.020000
-0.518000
-0.400000
0.023400
0.057000
0.007700
-0.052500
0.288600
0.034500
0.151800
0.043800
-0.331700
0.152300
-0.166400
-0.242100
-0.161900
-0.051000
0.356300
-0.355000
-0.409000
0.075500
0.013200
-0.639600
-0.337300
-0.289500
0.093100
-0.140000
-0.023200
0.191800
-0.167900
0.010800
0.096700
-0.168900
-0.771700
-1.377500
-1.221200
-1.452400
-1.644800
-1.396800
-0.993900
-1.415100
-1.239000
-1.048500
-1.123000
-0.757400
-1.018700
-0.457200
-0.407600
-0.899700
-0.820300
-0.777500
-0.865800
-1.290300
-1.201600
-0.791500
-0.743600
-1.222600
-1.139600
-1.028000
-0.716800
-0.900300
-1.256800
-0.909100
-1.138900
-1.543200
-0.357000
-0.683500
-0.363400
-0.614300
-0.209000
-0.631200
-0.743100
-0.350400
-0.356800
-0.304300
-0.431600
-0.835900
-0.539100
-0.362600
-0.751500
-0.472200
-0.520000
-0.807200
-0.789400
-0.256900
-0.575400
-1.272300
-0.794000
-0.832700
-0.569000
-1.015400
-0.972900
-0.805400
-0.199100
-0.811600
-1.128400
-0.195500
-0.005900
-0.778600
-0.908400
-1.251900
-1.260300
-0.895700
-1.245200
-1.248400
-1.086700
-1.284300
-1.600100
-1.132700
-1.079600
-1.009500
-0.662900
-0.288600
0.034900
-0.379600
-0.400200
-0.543800
-0.868700
-0.517200
-0.855100
-1.165900
-1.205100
-0.705300
-0.690900
-0.881600
0.211100
-0.516600
-0.504800
-0.123900
-0.131400
-0.043500
-0.419200
-1.243000
-0.761800
-0.509900
-0.356100
-0.917300
-0.971300
-0.726900
-0.550600
-0.821300
-0.417500
-0.869700
-0.536400
-0.882600
-0.740300
-0.135000
-0.320600
0.162100
-0.654400
-0.597800
-0.403000
-0.603300
-0.291200
0.061800
0.280500
0.327500
-0.133000
0.141000
0.355400
-0.005700
-0.156500
-0.954200
-0.647600
-1.066600
-0.720200
-0.886000
0.367800
-0.334300
-0.247600
-0.543300
-1.027200
-0.863700
-0.633200
-0.695200
-0.870000
0.262500
-0.168700
0.081200
-0.124100
0.299300
-0.792300
-0.435900
-0.995600
-1.099000
-1.196000
-0.823700
-1.065000
-0.900700
-0.874500
-1.218900
-1.079100
-1.011900
-1.182200
-1.044900
-0.608700
-0.279500
-0.331800
-0.444700
0.272000
0.144600
0.096000
-0.332400
-0.562100
-0.212800
-0.348500
-0.326100
-0.387500
-0.203400
-0.306900
0.062500
-0.376600
0.113400
-0.475100
-0.400000
-0.196900
-0.269200
0.171000
-0.345800
-0.150700
-0.190700
-0.601800
0.354400
0.052600
-0.123800
0.269600
0.012800
-0.024900
-0.027400
-0.393700
-0.159800
-0.168600
-0.246200
0.108700
0.106100
0.499200
-0.136700
0.552700
-0.096700
-1.156300
-0.800600
-1.110900
-1.304500
-0.583000
-0.956900
-0.927200
-1.170900
-1.425000
-1.470500
-1.156900
-0.786200
-1.339800
-1.494300
-1.042600
-1.119600
-1.000700
-0.991400
-1.081900
-1.289600
-1.232100
-0.652100
-0.559000
-0.709600
-0.638300
-0.838800
-0.742300
-1.123800
-0.452700
-0.665300
-0.433000
-1.110400
-0.717000
-0.856600
-0.665400
-0.500400
-0.955900
-0.814800
-1.006900
-0.702800
0.144900
-0.876500
-0.281400
-0.162400
-0.084900
-0.134200
-0.152200
0.177400
-0.035700
-0.119700
-0.830100
0.181400
-0.109600
0.080800
0.191300
0.078800
-0.160900
0.193500
0.128000
-0.133700
-0.223500
-0.268300
-0.447300
-0.950900
-0.151000
-0.333500
0.658700
-0.115600
-0.218200
-0.360900
0.046600
0.070200
-0.140000
-0.097300
-0.210600
0.304300
0.186700
0.058800
0.271700
0.144200
0.113400
0.000700
-0.064100
0.244200
0.203600
-0.083300
-0.362400
0.480700
-0.084000
0.025900
0.100800
0.079100
0.177400
-0.078100
-0.298400
-0.601300
-0.539700
-1.220100
-1.425900
-0.847400
-0.955400
-0.945200
-0.979300
-1.383300
-1.355100
-0.771200
-1.076300
-1.254900
-0.914400
-0.651500
-0.916400
-0.700900
-1.546800
-1.495600
-1.307300
-0.192700
-1.066900
0.144200
0.243700
-0.640300
-0.701300
-1.181200
-1.375900
-1.286700
-0.800200
-1.203100
-0.527000
-0.334800
-0.470000
-0.120800
0.140600
0.004700
0.201600
0.508500
-0.169400
0.337400
0.651000
0.326100
0.244300
0.045300
0.264800
-0.243700
-0.145200
-0.110900
0.308400
0.218300
0.147700
0.266900
0.074300
0.105100
-0.700100
0.024300
-0.068600
0.252200
0.094100
-0.530900
0.034900
-0.207000
-0.146200
0.108600
0.039600
0.332200
0.026900
0.474600
-0.146600
0.447800
-0.095800
0.412900
-0.257400
-0.234900
-0.498800
-0.596300
-0.226200
-0.919300
-0.671900
-0.778800
-1.002200
-1.153000
-0.914400
-0.969900
-1.093600
-1.026800
-1.491900
-1.173200
-0.612400
-1.444300
-1.336500
-0.920500
-1.164100
-0.823500
-1.076300
-0.790000
-0.953300
-0.561700
-1.121300
-1.239800
-0.909600
-1.173600
-0.704200
-1.310700
-0.947200
-0.710500
-0.965300
-1.227500
-1.129500
-1.443000
-1.003400
-1.271000
-0.722000
-1.596400
-0.483600
-1.485500
-1.093700
-1.336600
-0.515000
-0.839200
-1.490500
-1.095900
-1.138400
-1.331900
-1.209500
-1.461200
-0.957300
-1.180400
-0.919700
-0.908400
-1.431500
-1.461100
-1.430500
-1.557600
-1.337400
-1.368200
-1.420700
-1.295900
-1.161000
-1.335200
-0.994700
-0.939800
-0.411200
-0.334100
-0.409700
-0.084200
-0.360500
-0.029400
-0.350700
-0.306000
-0.155000
-0.467900
-0.466600
0.105200
-0.154200
-0.022000
0.006600
0.122500
-0.000500
-0.104100
0.148100
-0.210200
-0.274100
-0.546600
-0.132800
-0.138800
0.066500
-0.545300
-0.603600
-0.090500
0.011300
-0.077100
-0.311600
-0.604100
-0.409200
0.024000
-1.253700
-0.959700
-1.064500
-1.390000
-0.967400
-0.817900
-0.749400
-0.835300
-1.152300
-1.020000
-0.996600
-0.368800
-0.742600
-0.695200
-0.577100
-0.647300
-1.300500
-1.197100
-1.045100
-1.316500
-1.061300
-1.119100
-1.014300
-1.099600
-1.376800
-0.697000
-1.013800
-1.389300
-1.247500
-0.330200
-0.876700
-1.308700
-0.718000
-1.017300
-0.762800
-0.044100
0.136900
-0.102700
-0.068000
0.010300
-0.026300
0.325300
-0.411400
-0.534600
-0.153100
0.231400
-0.152400
-0.128300
-0.031800
-0.223300
-0.008000
-0.283100
0.089700
-0.311900
-0.059000
-0.189000
-0.103800
0.009900
0.012300
-0.244100
-0.491600
-0.994000
-0.888200
-0.249700
-0.066500
-0.026300
-0.299300
-0.089500
-0.175600
-0.267600
-0.143600
-0.015500
-0.294400
-0.007000
0.139100
-0.365700
-0.163800
-0.145600
-0.242000
-0.692900
-0.440600
-0.308200
-0.665700
-0.294900
-0.060100
-0.304300
-0.240200
-0.091700
-0.139200
0.037700
0.636400
0.100600
0.328000
-0.083600
0.302400
-0.572200
-0.538200
0.084400
-0.255100
-0.492400
-0.563900
-1.055400
-1.207500
-0.197900
-0.420800
0.345200
0.368300
-0.269200
-0.094500
0.008500
0.061100
-0.764700
-1.148900
-0.884400
-0.671400
-0.481100
-0.475600
-0.242200
-0.552100
-0.267000
-0.268300
-0.431700
-0.542100
-0.073000
-0.390500
-0.618800
-0.453500
-0.461600
-0.205300
-0.268700
-0.270800
-0.485100
-0.355900
0.036500
-0.056600
-0.003500
0.037400
-0.345600
-0.111000
-0.315100
0.066300
0.208800
-0.189800
-0.077000
-0.376600
-0.096800
-0.428100
-0.244300
-0.184100
0.098000
-0.101400
-0.544700
-0.050300
-0.608600
-0.575100
-0.708100
0.006300
-0.410800
0.297500
0.145000
-0.184400
-0.193600
0.106500
-0.327900
-1.013400
-0.929600
-0.732400
-1.064300
-0.848000
-1.082000
-0.834100
-1.306000
-1.438700
-1.393900
-1.340800
-0.958700
-1.148400
-1.222600
-1.555300
-1.308100
-1.591100
-1.138800
-1.350100
-0.946500
-0.782000
-1.129300
-1.045100
-1.285200
-1.234300
-1.292300
-1.399100
-0.820200
-0.407000
-1.041900
-0.758200
-0.885200
-0.880600
-0.739300
-1.040500
-0.411800
-1.037700
-0.501000
-1.078700
-0.624800
-0.735000
-0.937700
-1.040600
-1.117800
-0.796300
-0.961700
-0.932600
-1.006700
-0.945700
-1.295200
-1.320400
-1.090000
-1.313800
-1.414200
-0.244400
-0.789300
-0.601000
-1.119400
-1.368900
-0.703700
-0.455100
-0.332900
-0.471200
-0.804100
-0.935200
-0.664700
-1.083600
-1.083500
-0.798100
-0.973300
-0.685700
-1.231900
-1.020700
-1.262500
-0.997300
-1.329700
-1.168000
-0.934700
-0.574300
-0.242200
0.007000
0.049100
0.184700
-0.123900
0.628800
0.047000
0.009800
0.244700
-0.135600
-0.144200
0.039200
-0.862100
-0.119300
-0.386300
-0.929600
-0.556000
-1.271100
-1.004900
-1.318400
-1.002500
-0.692700
-0.905800
-0.693800
-1.452800
-1.125300
-1.030300
0.101500
0.236700
0.480200
0.246700
-0.194200
-0.485900
-0.088600
-0.256500
-0.363900
-0.610500
0.017700
-0.177400
0.315800
0.002900
-0.185100
-0.039200
-0.150900
0.248800
0.350900
-0.226000
-0.106500
-0.577000
-0.090900
-0.593100
-0.763800
-1.126900
-1.167500
-0.961300
-0.967300
-0.773700
-1.135100
-1.306400
-1.600500
-1.506800
-1.199900
-1.213200
-0.965800
-0.978400
-0.763300
-0.912700
-1.161900
-1.241900
-0.634400
-1.113100
-1.335400
-0.882400
-1.034500
-0.338900
-0.675900
-0.158000
-0.138900
0.046900
0.226400
-1.008900
-1.431600
-1.337300
-1.109700
-0.858300
-0.749900
-1.070300
-1.084300
-1.188800
-0.984600
-0.147500
-0.026500
-0.135100
-1.200500
-1.301200
-0.941200
-1.202800
-1.145400
-1.073700
-0.456200
-1.077800
-1.033500
-1.207100
-1.004700
-1.292500
-0.827700
-1.293800
-1.299000
-1.510000
-0.982200
-0.904500
-0.688900
-1.214400
-1.146600
-1.385300
-1.116900
-1.109000
-0.601100
-0.724600
-1.062800
-0.485300
-0.933500
-0.920700
-0.343500
-0.724900
-0.166500
-0.715800
-0.349200
-0.640500
-0.840600
-0.718400
-0.598000
-0.881300
-0.564000
-0.930300
-0.525600
-1.192400
-1.278500
-0.842600
-1.360700
-1.227200
-0.976800
-1.140000
-1.358900
-1.130400
-0.513800
-0.821800
-1.031600
-0.853300
-0.971800
-1.076400
-0.918600
-1.302200
-1.023700
-1.180200
-1.186100
-1.362200
-0.376000
0.235900
-0.032900
-0.133800
0.152500
0.208300
0.327600
-0.368600
-0.231500
-0.258300
0.305000
0.043600
0.124100
-0.192500
-0.454500
-0.771000
-0.628100
-0.615000
-1.043200
-0.480500
-0.756700
-0.587400
-0.882200
-1.051600
-0.949000
-1.305200
-1.133100
-1.378900
-0.900500
-0.237500
-0.245400
-0.261500
-0.285000
-0.947400
-0.435200
-0.163500
-0.603200
-0.282100
-0.817400
-1.087700
-0.678300
-0.433800
-0.923100
-1.471300
-1.438900
-1.290800
-1.202600
-1.163800
-1.321700
-1.223500
-0.720700
-1.256000
-1.119600
-1.323200
-1.480700
-1.013600
-0.551000
-1.130800
-1.322500
-1.285600
-1.404400
-1.201700
-1.026600
-1.075200
-1.147700
-0.763400
-0.537000
-0.678300
-0.625400
-0.542700
-0.436400
-0.072500
-0.015000
-0.185200
-0.138900
-0.445800
0.055200
-0.362900
0.534400
0.076600
0.361200
-0.220100
-0.727500
-0.645700
-0.676800
-0.879500
-0.578800
-0.892300
-1.079300
-0.435200
-0.517500
-0.329000
-0.634200
-0.433600
-0.503000
-0.039300
-0.767100
-0.532600
-0.097600
-0.668400
-0.773900
-0.566900
-1.118800
-1.269300
-1.409400
-1.148700
-0.927000
-1.009400
-0.943500
-1.041500
-0.805300
-0.495900
-0.315400
-0.943900
-0.209200
-0.021500
0.225300
-0.123500
0.209400
-0.299700
-0.453400
-0.181500
0.080000
0.203900
-0.036200
-0.101500
-0.007600
0.083600
0.742700
-1.282400
-0.271300
-0.659200
-0.413400
-1.037000
-0.606200
-0.694800
-0.849600
-1.353900
-1.091000
-0.969600
-0.776200
-1.033000
-1.003600
-0.975500
-0.769900
-0.745100
-1.088100
-1.078400
-1.185300
-1.219300
-1.052900
-1.288800
-1.214400
-0.956400
-0.712200
-0.811500
-0.902800
-1.045300
-0.455100
-0.880700
-1.055100
-1.001100
-1.051600
-1.163700
-0.865500
-1.115200
-0.819800
-1.422600
-0.929100
-0.880800
-1.316200
-0.821700
-1.292800
-0.958900
-1.211000
-1.120200
-0.036900
-0.054800
-0.748700
-1.086800
-1.223300
-1.136200
-1.183500
-1.606700
-0.826400
-1.089700
-1.426700
-1.187300
-1.285100
-1.188700
-1.319400
-1.277900
-0.705800
-1.009300
-0.585900
-0.889800
-1.026800
-1.170200
-1.258100
-1.035500
-1.466600
-0.841800
-0.915100
-0.600100
-1.297700
-1.207400
-0.772700
-0.840800
-0.417300
-0.003200
-0.244700
-0.552500
0.006700
-0.444200
-0.754700
-0.799800
-1.226100
-1.106700
-0.813200
-0.975900
-1.355000
-0.602600
-0.819100
-0.264300
-0.146900
-0.926600
-0.926900
-1.201600
-0.915400
-0.896600
-0.975200
-0.965900
-0.504400
-0.669200
-0.682500
-0.869700
-0.718700
-0.956700
-1.217800
-1.611000
-1.121900
-0.971700
-1.642100
-1.248100
-1.360600
-1.487000
-0.982800
-0.723100
-1.184600
-1.232900
-1.306700
-1.165000
-1.179400
-1.445400
-1.289000
-1.388800
-1.591400
-1.116900
-1.404000
-1.205700
-1.455800
-0.717000
-0.651600
0.059000
0.302700
-0.001300
0.012900
0.465000
0.083700
0.285800
0.301700
0.167200
-0.141300
0.016500
-0.095800
-0.281600
-0.638300
-0.106000
-0.072400
-0.419100
-0.952100
-0.417400
-0.263900
-0.116900
0.370500
-0.464800
-0.491000
-0.531700
-0.280000
0.007500
0.453600
-0.316400
-0.423800
0.234000
-0.284000
-0.385000
-0.044700
-0.144300
0.061100
-0.413100
0.028400
0.197200
0.202300
-0.115300
-0.134600
0.108200
0.081600
-0.371300
0.148200
-0.520100
0.047900
-0.416400
0.255700
-0.319000
-0.996000
-0.864800
-1.105600
-1.062200
-0.766500
-0.762800
-0.355900
0.306200
0.079500
0.490400
0.149600
-0.729100
-0.241200
0.030000
-0.896500
-0.328900
-0.322600
-0.274300
-0.189900
-0.375400
-0.445800
-0.339600
-0.352700
-0.202800
-0.352400
-0.079200
-0.146500
-0.590500
-0.265400
-0.289800
-1.103100
-1.139600
-1.036700
-1.138700
-1.271300
-0.960300
-1.226800
-1.025800
-0.565000
-0.842900
-0.990500
-0.483700
-0.861900
-1.199600
-0.939300
-1.002500
-1.041300
-0.847200
-0.901500
-0.930800
-1.271400
-1.114900
-1.036100
-0.748400
-0.919400
-0.783700
-0.008200
-0.234700
-0.461700
-0.463000
-0.267800
-0.770300
-0.217500
-0.878600
-0.603200
-0.355600
-0.180100
-0.309800
0.311000
-0.018400
0.024400
-0.255300
-0.357200
-0.450600
-0.375300
-0.289100
-0.254500
0.032600
-0.294700
-0.776200
-1.243100
-0.459500
-0.880100
-0.308700
-0.018400
-1.002700
-1.400600
-1.312000
-1.339100
-1.081300
-1.149300
-1.359800
-1.459500
-0.771200
-1.131500
-1.015500
-0.739700
-1.328300
-1.214000
-1.270300
-1.173300
-0.937100
-0.917000
-1.316100
-0.928700
-1.320500
-0.604100
-0.778100
-0.673200
-0.037600
-0.227000
-0.555300
-1.237200
-1.663900
-0.844000
-0.786200
-0.274000
-0.385700
-0.827300
-1.021400
-0.040300
0.275900
-0.040200
-0.084500
-0.152600
0.277300
0.176700
0.479900
-0.328900
0.067900
0.308400
-0.353200
-0.442700
-0.157200
-0.036000
0.229500
0.046000
-0.108900
0.165600
0.233400
-0.256000
-0.144300
-0.841600
-1.415900
-0.989200
-0.465100
-0.738800
-0.893000
-1.065800
-1.115600
-0.660500
-0.700900
-0.427200
-0.765600
-0.571200
-0.507800
0.000600
0.360300
-0.346400
0.115500
-0.103200
-1.067400
-1.141000
-0.452600
-1.037000
-0.949300
-0.683700
-0.950500
-1.528600
-0.724400
0.166000
-0.556200
-0.919000
-0.684400
-0.628500
-0.396500
-1.024500
-1.203500
-1.157300
-0.337000
-0.468800
-0.394600
-0.619700
0.140800
-0.498800
-0.040400
-1.071500
-0.851100
-0.918800
0.034700
-0.761800
-0.497600
-0.634000
-0.806200
-0.637100
-0.674400
-0.981300
-0.987100
-0.653200
-0.969600
-1.091600
-0.401000
-0.499300
-0.629100
-0.591100
-0.629900
-0.527400
-0.272500
0.541300
-0.403100
-0.134600
-0.501400
-0.163700
0.263400
-0.539900
-0.010500
-0.472600
-1.049000
-1.059900
-1.054600
-0.625500
-1.432700
-1.330400
-1.240700
-0.133600
-0.577300
-0.699200
0.370400
0.110700
0.408300
0.344300
-0.413600
-0.008200
0.012600
0.286000
0.104800
0.143100
-0.019600
-0.233000
0.573000
0.451500
-0.214300
0.399600
0.240300
-0.790900
0.372900
-0.185500
-0.147600
-0.144600
-0.656000
-0.230600
0.301400
0.364800
-0.096300
0.998700
-0.203900
0.367800
-0.185100
0.234900
0.266200
0.350400
0.487800
0.255700
0.519900
0.305900
0.199900
0.621000
0.118000
0.003500
-0.260400
-0.066300
-0.285800
-0.460700
-0.202700
-0.339800
-0.098000
0.386500
-0.065300
-0.299300
0.182900
-0.032300
-0.368100
-0.333900
-0.383400
-0.843100
-0.668300
-0.916500
-0.727200
-1.108700
-0.273000
-0.673000
-0.869700
-0.977500
-0.969100
-0.777100
-0.588200
-0.517500
-0.063300
-0.858700
-0.850400
-0.785900
-1.443800
-0.908600
-0.863200
-0.860900
-0.997500
-0.963900
-0.781500
-0.746600
-1.078000
-1.382000
-1.252400
-0.765200
-1.033600
-1.035100
-0.807500
-1.016100
-0.855300
-1.174500
-0.655300
-1.276300
-1.360900
-0.792700
-0.555900
-0.752300
-0.808900
-0.802000
-0.864200
-0.682300
-1.223700
-1.372900
-0.988400
-1.008000
-1.292700
-1.297700
-0.849900
-1.148200
-1.237600
-1.058200
-1.415000
-1.573400
-1.427500
-1.130300
-0.917600
-0.665600
-0.886700
-0.516800
-0.531600
-0.282700
0.266500
0.047400
-0.059500
0.282000
0.203700
0.085400
0.064700
0.049900
0.120600
-0.145100
-0.966900
-1.103400
-0.835400
-0.485000
-1.091500
-1.196100
-1.092600
-1.178800
-1.459600
-1.010100
-0.695900
-0.338800
0.263200
0.788100
0.395600
0.204000
0.589500
-0.014700
-0.400400
-0.546400
0.555700
-0.128500
-0.928100
-0.629400
0.047600
-0.107800
0.053000
0.213600
0.483700
0.306900
-0.721400
-1.414000
-1.105100
-1.015300
-1.192300
-1.240900
-1.189500
-1.052500
-0.932700
-0.991000
-0.246900
-0.323500
-0.211900
0.345700
0.448200
0.674600
-0.133600
-0.480500
-0.015300
0.238500
0.298600
-0.173900
-0.416400
-0.435100
-0.069600
-0.516600
-0.120900
-0.665800
-0.376500
-0.443600
-0.271400
-0.489700
-0.444700
0.411300
-0.087300
0.118300
-0.195400
-0.289800
0.181700
0.106300
-0.580700
0.029800
-0.086500
0.155600
0.263500
-0.079200
-0.533000
-0.303100
0.278400
-0.494700
-0.204300
-0.153100
-0.166200
-0.323500
-0.116400
-0.116500
-0.914600
-1.574600
-1.152100
-1.291700
-0.593700
-0.933100
-0.811300
-1.204100
-0.965300
-0.656500
-0.723100
0.237200
-1.317600
-1.003100
-0.285600
-0.791000
-1.106100
-0.393400
-0.857100
-0.803000
-0.338000
-0.408600
0.096700
-0.096000
-0.065900
-0.506400
-0.146700
0.209500
0.139800
-0.171500
0.287400
0.036700
0.739400
0.023500
-0.149800
-0.289700
-0.292800
-0.305600
-0.464000
-0.453100
-0.905600
-1.086300
-1.240400
-0.571500
-1.403800
-1.125500
-0.852400
-1.330200
-0.936400
-0.815100
-1.013100
-1.216400
-0.682600
-1.507400
-0.868400
-1.328900
-0.973800
-1.010200
-1.099100
-0.936200
-0.969600
-0.878600
-0.680700
-0.771300
0.703000
0.036200
0.079600
0.218300
-0.062300
0.001500
0.083100
-0.205100
-0.234600
-0.399600
0.015200
-0.755800
-0.119000
-0.894700
-0.934200
-0.736500
-0.728400
-0.850100
-0.717400
-0.454700
-0.881000
-1.182800
-0.664000
-1.233500
-0.956800
-1.104500
-0.555100
-0.897700
-0.464000
-0.843600
-0.985500
-0.369700
-0.625500
-1.004500
-1.170700
-0.461600
-1.060200
-1.152000
-1.248100
-1.212000
-0.524000
-1.093100
-1.309600
-0.771900
-0.922900
-0.301000
-0.757100
-0.983400
-0.675400
-0.654900
-1.113100
-1.101100
-0.490900
-1.168500
-0.992500
-0.652100
-0.728300
-0.813500
-0.614300
-1.063900
-1.046900
-1.067200
-1.112000
-1.160400
-0.560200
0.198600
0.110500
-0.135700
0.004900
-0.315300
0.320900
-0.091000
0.090400
-0.088800
0.146400
-0.372800
-0.242600
0.130800
-0.014300
-0.314200
0.279600
0.011400
-0.224200
0.130800
-0.219300
-0.253000
0.195600
0.291900
-0.444600
-0.237900
0.127100
-0.134100
-0.248300
-0.401000
-0.301100
0.495600
0.157500
-0.172200
-0.246500
0.080000
-0.284200
0.099300
-0.161000
-0.071700
-0.332400
-0.166200
-0.423200
0.049300
-0.423900
0.160500
-0.229000
-0.156500
-0.278700
-0.115900
-0.284800
-0.652800
-0.786400
-0.215800
-0.573800
-0.635800
-0.516100
-0.066500
0.202700
-0.116200
-0.496100
-0.080200
-0.104600
-0.209900
-0.000900
-0.006300
-0.563100
-0.698100
-0.001700
-0.619100
-0.818900
-0.765800
-0.261100
-0.307100
0.078500
-0.023500
-0.367300
-0.228700
0.235500
-0.388500
-0.932200
-0.755500
-0.731600
-1.283900
0.060300
-0.698600
-0.590400
-0.097600
-0.411600
-0.706100
-0.089700
-0.114600
-0.259700
-0.236100
-0.434300
-0.767600
-0.226400
-0.527400
0.145200
-0.069300
-0.928500
0.067700
0.061300
-0.533300
-0.141000
-0.194200
-0.290700
-0.071000
0.240800
-0.266800
-0.222600
-0.410200
0.051000
0.328400
0.678200
0.203300
-0.039400
-0.525700
-0.536500
0.029500
-0.144100
-0.099100
-0.719100
-0.973100
-0.886900
-1.153100
-1.475500
-0.758700
-0.700800
-0.799400
-1.134500
-0.218500
-0.491000
-0.496400
-0.461700
-0.352900
-0.356700
-0.256300
-1.058500
-1.224900
-1.508600
-1.167700
-0.436600
-0.714600
-0.487200
0.044200
-0.002000
0.212400
-0.651500
-0.057500
-0.099600
0.109800
0.166100
-0.314400
-0.590300
-0.041300
0.157500
-0.389500
-1.107400
-0.884200
-1.171600
-0.875500
-1.113300
-1.139700
-1.330500
-1.280000
-1.371600
-0.016500
-0.580400
0.085400
-0.227000
-0.109300
0.592200
0.317200
0.117900
-0.069400
-0.093700
-0.060000
-0.306500
-0.528400
-0.632900
-0.618700
-0.630700
-0.775600
-0.991800
-0.917200
-0.809000
-0.353400
-0.202700
-0.513500
-0.392100
-0.480300
-0.317400
-0.506300
-0.376600
0.034600
0.110100
-0.030400
0.008600
-0.247500
-0.422800
-0.230300
-0.345600
-0.374900
-0.434200
0.313900
-0.219200
-0.202000
-0.596900
-0.388700
-0.263400
-0.186500
-0.305000
-1.329000
-1.085900
-1.078100
-0.973200
-1.347400
-0.642900
-0.996500
-1.011400
-0.605200
-0.762600
-1.186100
-1.440300
-1.031900
-1.134900
-0.938300
-0.901200
-0.169000
-0.550200
-1.098600
-0.700400
-0.367300
-0.566900
-1.117300
-0.234200
-0.425900
-0.686900
-0.851400
-0.717100
-0.720800
-0.982200
-1.101000
-1.153200
-1.104700
-0.579100
-1.144400
-1.118700
-1.327700
-1.339800
-1.021700
-1.528500
-1.177300
-0.973800
-1.219000
-1.365300
-1.032600
-0.991100
-1.269800
-1.086000
-1.229500
-0.897500
-0.738400
-0.706900
-1.237400
-0.605900
-0.974500
-0.836900
-1.036100
-1.174700
-1.295600
-0.636600
-0.748700
-1.244500
-0.785700
-1.115300
-1.348800
-0.716000
-1.149900
-1.463600
-0.639000
-1.477000
-1.550300
-1.092600
-1.166000
-1.392900
-0.979100
-0.920800
-0.934200
-0.679900
-0.891300
-1.055200
-0.720100
-1.580500
-1.302600
-1.112400
-1.221600
-0.437200
-0.009500
0.202900
-0.180100
-0.396600
-0.147700
0.129700
-0.213200
-0.422100
-0.029100
-0.387200
-0.693900
-0.966100
-0.301600
-0.253500
-0.239100
-0.420400
-0.417400
-0.473900
-0.593100
-0.448200
-0.384200
-0.495800
-0.605300
0.113200
-0.368400
-0.386200
-0.813800
-0.251800
-0.405600
-0.388200
-0.395200
-0.194900
-0.476700
-0.266800
-0.450000
0.261400
-0.089700
-0.225500
0.293000
-0.149400
0.083900
-0.525500
-0.385300
-0.770100
-0.393400
-1.123100
-0.944000
-0.611900
-0.614500
0.059500
-0.167600
-0.295700
-0.013400
-0.195800
0.082700
-0.318700
-0.055900
-0.159200
-0.113300
0.132900
-0.065600
-0.079600
0.149500
-0.358600
-0.647600
-0.472800
-0.110500
-0.038100
-0.466200
0.051000
-0.522500
-0.218900
-0.030700
-0.149400
-0.507100
-0.450500
-0.915600
-0.847300
-1.450700
-0.434300
-1.043700
-0.979200
-1.058300
-0.635100
-0.763500
-0.662400
-0.919800
-0.846200
-1.083500
-0.873000
-1.034900
-0.888800
-0.544900
-1.027000
-0.534500
-0.447000
0.037500
-0.340200
-0.041200
-0.163700
-0.475400
0.474700
0.185600
-0.095700
0.532500
0.622800
0.410000
0.352400
0.136600
-0.391000
-0.600300
-0.213800
-0.346600
-0.668800
-0.607900
-0.307800
-0.643000
-0.196100
-0.732300
-0.554300
-0.068900
-0.211900
-0.261100
-0.069700
-0.421400
-0.759800
-0.241900
0.009700
-0.047000
0.233800
-0.278000
0.164000
-0.205700
-0.261700
0.303100
0.097100
0.110600
0.396200
-0.246100
-0.082900
-0.322600
-0.914400
-0.962300
-1.036800
-0.619100
-1.241800
-0.545700
-0.997800
-0.839900
-0.390600
-1.201300
-0.860300
-1.014300
-0.940900
-0.913200
-0.593000
-1.160300
-1.208500
-1.286000
-0.868300
-1.188900
-0.858000
-1.330600
-1.045800
-1.594800
-1.231300
-1.211700
-1.037900
-1.129200
-1.394800
-1.269000
-0.926400
-0.703100
-0.784200
0.061900
0.169300
0.102900
-0.547200
-0.437200
0.169600
-0.474800
-0.407000
-0.193600
-0.581800
-0.035300
-0.304500
-0.170200
-0.373600
-0.167800
-0.225800
-1.261600
-0.758400
-1.059700
-0.825200
-0.596800
-0.401500
-0.060100
-0.347200
-0.057900
-0.243700
-0.371200
-0.745900
-0.332900
-0.595300
-0.332900
-1.021200
-0.506500
-0.926900
-0.940200
-1.076300
-0.210200
-0.540400
-1.071600
-0.188100
-0.324700
-0.770200
-0.900900
-0.835600
-1.043700
-0.791300
-0.529000
-0.793000
-0.970800
-0.785400
-0.770900
-0.694200
-0.755900
-0.981500
-0.883500
-1.104500
-0.896000
-0.637000
-0.926900
-0.914100
-0.963200
-1.105700
-0.971100
-0.620200
-0.849000
-0.445200
-1.036500
-1.034100
-0.765700
-0.645200
-0.806500
-0.622400
-1.058700
-0.688600
-0.615100
-0.819300
-0.744500
-0.407400
-0.865700
-0.970600
-0.712400
-0.468800
-0.325900
-0.854300
-0.318400
-0.879100
-0.860600
-0.929800
-0.789400
-0.988500
-0.065000
-0.387600
-0.601100
-0.184400
-0.577300
-0.717800
-0.441400
-1.062000
-0.675100
-1.415900
-1.295500
-1.316600
-0.973800
-0.706100
-0.794000
-0.787300
-0.429700
-0.531700
-0.818700
-0.585800
-0.693200
-0.894100
-0.801000
-0.741600
-0.262200
-0.968300
-1.429000
-1.129500
-1.428400
-1.502300
-0.754300
-0.948100
-0.907900
-0.958900
-0.929300
-1.280100
-0.174300
-0.137700
-0.622600
0.373500
-0.304100
0.345400
-0.358700
-0.067500
0.012700
-0.450200
-0.186900
-0.565000
-0.972900
-0.240100
-0.008200
0.132700
0.228300
-0.055500
-0.354400
-0.853500
-1.116000
-0.847300
-1.047100
-1.146300
-0.585300
-0.638600
-0.309900
-0.565500
-0.549200
-0.171300
0.310900
0.000800
0.141600
-0.264300
-0.245500
0.011100
-0.659600
-0.112500
0.473900
-0.255300
-0.488300
-0.090800
-0.173900
-0.562700
0.191400
-0.775200
-0.196600
-0.471600
-0.100900
-0.310000
-0.436500
-0.234000
-0.295600
-0.637600
-0.162100
0.080000
-0.014700
0.266300
0.206200
0.283700
0.030300
-0.044900
-0.211400
-0.085200
0.034000
-0.052800
-0.266600
-0.487100
0.010700
-0.449000
0.028100
-0.384200
0.101900
-0.021600
-0.244500
-0.609100
-0.427100
-1.046500
-0.425000
-0.848000
-0.228600
-1.062100
-0.622200
-0.943000
-1.440100
-0.888100
-0.984000
-1.444000
-1.245300
-1.361000
-1.647000
-1.432900
-1.573000
-1.211800
-1.400600
-0.583800
-0.858100
-0.558600
-0.653800
-0.889500
-0.760100
-1.280800
-1.162600
-0.836200
-0.753100
-0.531600
-1.224000
-0.998300
-0.720700
-0.531900
-0.922000
-1.342300
-1.235300
-1.250700
-0.644500
-0.578300
-1.420400
-0.674500
-1.305700
-0.981400
0.095800
0.049300
0.380700
-0.567600
-0.367300
-0.340100
-0.946100
-1.006800
-0.909200
-0.863500
-1.002700
-1.468400
-0.838300
-0.706800
-0.976100
-1.452200
-0.813300
-1.254100
-1.145000
-1.247800
-0.600600
-0.263800
-0.367500
-0.002100
-0.127700
-0.350700
-0.074500
-0.184400
-0.184800
-1.176800
-0.947300
-0.261800
-0.752100
-0.168700
-0.331200
-0.261500
0.438900
0.064300
0.361500
0.173400
-0.060900
0.188800
-0.379700
-0.158900
-0.201900
-0.016700
-0.328500
-0.466700
0.074600
-0.180200
0.081500
0.041700
0.227200
0.129200
0.046500
-0.253400
-0.447700
-0.220000
-0.273500
0.058000
-0.138600
-0.064400
0.368600
0.351300
-0.352500
0.086400
-0.003800
0.419300
0.075200
0.449700
-0.390200
0.190900
0.071900
0.133000
0.333400
0.290100
-0.387900
-0.679500
-0.463000
-0.477100
-1.007000
-0.361800
0.057800
-1.108700
-0.812800
-0.339900
0.017500
-0.431700
-0.516900
-0.274600
-0.223000
-0.122800
-0.424800
-0.765800
-0.014600
-0.479700
-0.235000
-0.296400
-1.412200
-1.019400
-0.308100
-0.773100
-1.363600
-0.776700
-0.615200
-0.123100
-0.994600
-1.201800
-0.808500
-0.264700
-0.018800
-0.328000
-0.647100
-0.743000
0.197400
-0.096600
-0.017800
-0.408100
-0.371700
-0.376900
-0.399300
-0.287900
0.130700
-0.707800
-0.317700
-0.084100
-1.138000
-0.689400
-0.567800
-1.380500
-0.775200
-1.491700
-1.178300
-0.565300
-1.063900
-0.741400
-0.514700
-1.221700
-0.795000
-1.025200
-0.473200
-1.065600
-1.359500
-0.574100
-0.849700
-0.500500
-0.868400
-0.804600
-0.441100
-0.534200
-1.035000
-1.157100
-1.120200
-1.339400
-1.049600
-1.167500
-0.889500
-0.995200
-1.378600
-1.100700
-1.467100
-1.364000
-0.384200
-0.552300
-1.088500
-0.363300
-0.388800
-0.428900
-0.358600
-0.314200
-0.399100
-0.986700
-1.395500
-1.302400
-0.862500
-1.590300
-0.557300
-0.565200
-0.052200
-0.164900
0.005300
-0.237600
-0.062200
-0.380800
-0.244300
-0.052700
-0.747400
-0.080500
0.242500
-0.140300
-0.281200
-0.339400
0.555700
-0.005300
-0.207600
-0.209900
-0.199400
-0.220600
-0.217700
-0.204200
-0.413600
0.132500
0.350700
0.083700
0.341200
-0.682600
-0.249100
0.160400
-0.461500
-0.535300
-0.518500
-0.320300
-0.283800
-0.493300
-0.129600
-0.226500
-0.367100
0.037600
-0.151100
0.548500
-0.235900
-0.360600
-0.130800
-0.041200
-0.344000
-0.216100
-0.488000
-0.432100
-0.401700
-0.373700
-0.106800
-0.556300
-0.562100
-0.940100
-0.762500
-1.202000
-1.095500
-0.937700
-1.223800
-0.674800
-0.680100
-1.357400
-1.345100
-1.404300
-1.251700
-1.163100
-1.195900
-1.108900
-1.229800
-1.451500
-0.868500
-1.228300
-0.641100
-0.670800
-0.727500
-0.713900
-0.418700
-0.393100
-1.088400
-1.400900
-1.384600
-1.236200
-1.414200
-1.370300
-0.771900
-1.038500
-0.544400
-0.786400
-0.834200
-0.517700
-1.486400
-1.359300
-1.162000
-1.509600
-1.442800
-0.660500
-0.731000
-0.909400
-1.291700
-1.149400
-1.349100
-1.083500
-0.613700
-0.340400
-0.666300
-0.245700
-0.516300
-0.476900
-0.753300
-0.231800
-0.852700
-1.138500
-1.051500
-0.931400
-1.340300
-0.901000
-0.329200
-0.320500
-0.684400
-0.761400
-0.342300
-0.316100
-0.443200
-0.962300
-1.205600
-1.300200
-1.331100
-0.488500
0.369700
0.328800
0.284100
0.085500
-0.079400
0.090600
-0.092900
-0.221400
-0.308700
-0.045200
-0.882100
-0.609700
0.326800
0.087400
-0.776300
-0.672800
-0.667200
-0.400400
-0.145100
0.169700
-0.231700
-0.034300
0.464600
0.129500
-0.225300
-0.320900
-0.080800
0.432100
0.425300
0.334800
0.003400
-0.268300
-0.625700
-0.343900
-0.830400
-1.071900
-1.099000
-0.960500
0.182600
0.229700
-0.462100
-0.202200
0.279300
0.016800
-0.521500
-0.357300
-0.975000
-0.578800
-1.021900
-0.461100
-0.288100
-0.292700
-1.323500
-0.547600
-0.038200
-0.924900
-0.476900
-0.642600
-0.668600
-1.476600
-0.989500
-1.401500
-1.074600
-1.360300
-1.180200
-0.779900
-0.777200
-0.563900
-1.053300
-0.970800
-0.698300
-0.939900
-1.164300
-0.700700
-0.771700
-0.534100
-0.100200
-0.437300
-0.189900
0.442400
-0.027000
0.075400
-0.073000
0.284200
-0.265100
0.207700
-1.118600
-0.840400
-1.297700
-0.621900
-1.125700
-1.085000
-0.359800
-0.798300
-1.069600
-0.793900
-1.066800
-1.022300
-0.723600
-0.876700
-0.555200
-0.399000
-0.193900
-0.111900
-0.525600
-0.772900
0.200100
0.302500
-0.058500
-0.110800
-0.343800
-0.286600
0.266200
0.177400
0.116300
0.356100
0.085900
0.168100
0.198100
-0.122500
-0.722600
0.070000
-0.028800
-0.149500
0.157600
0.170400
0.022600
-0.411500
-0.781500
-0.542400
-1.341600
-0.916500
-0.957700
-0.552800
-0.171400
-0.870800
-0.952300
-0.456000
-0.913600
-0.621500
-0.661000
-0.967500
-0.683800
-0.848700
-0.537800
-1.039200
-0.857000
-1.003300
-0.761600
-0.590800
-0.520700
-0.613900
-0.491000
-1.079900
-0.538300
-0.314400
-0.933000
-0.404000
-1.062600
-0.395100
-0.807200
-0.908500
-0.895300
-0.488600
-0.594200
-1.399900
-1.004500
-0.164800
-0.220700
-0.270700
-0.261800
-0.599600
-0.330300
-0.253700
-0.651800
-0.172400
-0.237000
-0.145700
0.032900
-0.400900
-0.361400
-0.903500
0.068900
-0.636300
-1.044600
-0.601800
-0.641400
-0.542600
-1.013000
-0.508600
-0.234300
-0.133700
-1.259700
-0.842000
-0.237100
-0.271800
-0.732300
-0.884600
-1.261300
-0.896900
-0.833200
-1.026800
-0.909200
-0.938600
-1.116400
-0.946000
-1.161600
-1.079400
-0.276400
-0.278500
-0.728400
-0.658500
-0.373500
-0.809600
-1.152600
-1.052700
-1.224600
-0.402000
-0.278900
-0.765100
-0.040700
0.198900
-0.384200
-0.132400
-0.475300
-0.346300
-0.197900
-0.768300
-1.010400
-1.098100
-1.218700
-1.244000
-0.691100
-0.814100
-1.095800
-0.753600
-1.144800
-0.733900
-0.926200
-0.721600
-1.016400
-1.097400
-0.772700
-0.892700
-1.307300
-0.746100
-1.256000
-1.166000
-1.471800
-0.986500
-1.368600
-0.833500
-0.976200
-1.026800
-1.098600
-1.124700
-0.801400
-0.903300
-0.721000
-0.744400
-1.047000
-0.927500
-0.961800
-0.652500
-0.389300
0.185000
-0.501700
-0.050100
-0.140800
-0.370500
-0.115200
-0.279200
-0.358700
-0.199600
0.301200
0.026600
-0.150400
-0.116300
-0.591500
-0.705900
-0.188800
-0.627800
-0.694200
-0.842600
-1.310100
-1.561300
-0.839700
-1.087000
-0.035500
0.146400
-0.266700
-0.428900
-0.417800
-0.383700
-0.642400
-0.424200
-0.526600
-0.126500
0.041000
-0.273900
-0.125200
0.257300
-0.019700
0.737500
-0.852700
-0.406700
-0.677200
-1.011100
-0.488600
-0.805400
-0.608100
-1.143900
-0.873100
-1.540300
-1.013100
-1.274000
-1.329500
-0.758200
-1.201400
-1.268700
-1.363200
-1.212000
-1.621300
-1.178800
-1.077100
-1.513100
-1.164600
-1.354500
-0.731300
-1.222800
-0.517900
-1.035700
-0.974500
-1.272800
-1.548700
-1.491100
-1.410500
-1.437700
-1.636400
-0.949400
-0.974400
-1.081500
-1.126700
-1.317800
-0.543300
-0.603400
-1.088700
-1.181400
-1.195400
-1.410000
-1.545600
-1.317200
-0.693400
-0.826700
-0.777300
-0.875000
-0.241300
-0.745200
-0.025300
-0.067300
-0.078400
0.372600
-0.440900
0.146800
-0.276200
0.345100
-0.556700
-0.604000
-0.039300
-0.675600
-0.070000
-0.431400
-0.477600
-0.710700
-0.177200
-0.567200
-0.671400
0.105500
0.416500
-0.193400
-0.575700
-0.126700
-0.187300
-0.874900
-0.251500
-1.017500
-0.183500
-0.096900
-0.113900
-0.328700
-0.341600
-1.112900
-1.147300
-0.857600
-1.083800
-1.072800
-1.111800
-0.912100
-0.951100
-1.287400
-1.153700
-0.065100
-0.076000
-0.115700
-0.087600
-0.604800
-0.278700
0.158700
-0.837300
-0.596100
-1.256600
-0.836300
-1.162600
-0.535700
-0.475700
-0.481600
-1.350200
-1.226600
-0.920700
-0.913400
-0.976200
-0.189500
-0.222600
-1.447100
-1.535800
-1.400100
-1.083800
-1.072900
-1.420800
-0.970700
-1.390700
-0.579500
-0.573900
-0.363800
-1.155500
-0.977100
-1.063000
-0.571900
-0.975600
-0.941400
-1.236500
-0.739600
-0.974300
-0.792400
-1.254000
-1.141400
-1.103400
-0.905700
-1.288000
-0.859700
-0.843600
-0.876100
-1.091400
-1.141300
-1.082000
-1.205900
-0.687700
-1.364400
-0.901400
-1.094700
-0.988800
-1.162600
-1.164000
-0.231600
-0.198400
-0.227400
-1.014100
-0.543400
-0.156600
0.104000
-0.286900
-0.656300
-0.298700
-0.821500
-0.375000
0.153700
0.168600
-0.379000
-0.229500
-0.059500
-0.151700
-0.152300
-0.353900
0.233700
0.140700
0.284900
0.682200
0.088500
-0.122600
-0.024800
0.588600
-0.267200
-0.272100
-0.207900
-0.108600
-0.006100
-0.171900
-0.228700
-0.698900
-0.794300
-0.714500
-1.144300
-0.916600
-1.204500
-1.538000
-0.919700
-1.209900
-1.010600
-0.845300
-1.093800
-1.092900
-0.854500
-0.942700
-1.410300
-1.100900
-0.945800
-0.935600
-0.939900
-0.656100
-0.197700
-0.176400
-0.339800
-0.313300
-0.273400
0.336900
-0.231900
-0.173800
-0.284900
-0.066700
0.068300
-0.233200
-0.154600
-0.143300
-0.045500
0.225400
0.070900
-0.629000
-0.195700
-0.054000
-0.117800
0.247100
0.117100
0.526300
-0.334700
0.178100
-0.008300
-0.562100
-0.445000
-0.157900
-0.236400
-0.112500
-0.215800
-0.172300
-0.540100
0.048300
0.125100
-0.701200
-0.035800
-0.457900
0.070700
0.294200
-0.493700
-0.096100
-0.153400
-0.159000
0.280100
-0.397800
-0.689200
0.035500
-0.696100
-0.101600
-0.423500
0.153100
-0.137900
0.219900
-0.195300
0.306600
-0.301600
0.310500
-0.095000
-0.009600
0.061600
-0.487700
0.040500
-0.196900
-0.285900
-0.186600
0.288200
0.105100
-0.097800
0.017000
-1.027700
-1.367400
-0.617500
-0.905400
-1.209300
-1.302100
-1.071000
-0.910600
-1.386600
-1.011900
-0.914600
-0.886900
-0.903500
-0.994300
-1.003700
-1.138900
-0.553100
-1.194400
-1.201900
-1.255800
-1.125900
-1.035500
-0.894100
-1.003300
-1.000300
-1.022700
0.133400
-0.538500
-0.341500
-0.635100
-0.386300
-0.512600
0.014500
-0.149700
-0.198500
-0.460600
-0.727500
-0.531600
-0.251800
-0.615200
-0.886000
-0.428900
-0.030400
-0.795900
-0.002900
0.101600
-0.203100
-0.209000
0.374200
-0.224600
0.119100
-0.556600
-0.482700
-0.252700
-0.432700
-0.418600
-0.053400
0.236000
0.249900
-0.231300
-0.234600
0.004500
-0.110000
-0.383000
-0.468500
-0.294800
-0.214300
-0.374300
-0.799300
-0.553900
-0.122200
-0.296300
-0.753600
0.093200
0.361500
-0.215600
-0.039200
-0.188600
-0.102500
-0.367000
-0.161600
-0.224500
-0.285200
-0.081800
-0.356600
-0.558500
0.434200
-0.307800
0.094500
-0.854700
0.062000
0.069200
-0.175000
-0.438600
-0.071100
-0.449800
-0.627300
-0.985800
-1.308500
-0.226400
-0.294000
-0.425300
0.507600
-0.813000
-1.391500
-0.413800
-0.896300
-1.023100
-0.839600
-1.267300
-1.264200
-1.253500
-1.095200
-0.186800
-0.610000
-0.135800
-1.076300
-0.984800
-0.277100
-0.312800
-0.329000
-0.396800
-0.534200
-0.072500
-0.233400
-0.312100
0.192200
-0.317600
-0.119500
-0.176200
-0.287900
-0.198600
-0.056100
0.078600
-0.290700
-0.486300
-0.275900
-0.613400
-0.024200
-0.224900
-0.677400
-1.000000
-1.307000
-0.709200
-0.227500
-0.811700
-1.177300
-0.983600
-1.079000
-0.739700
-0.690800
-0.191300
-0.187500
0.049600
-0.189200
-0.719800
-0.739000
-0.856200
-0.692500
-0.433800
-0.214100
-0.572200
-0.690100
-0.529700
-0.520400
-0.573000
-0.717800
-0.653200
-1.144000
-1.340000
-1.169200
-1.131800
-1.211900
-1.364100
-1.284100
-1.067900
-1.252600
-1.123700
-0.580500
-0.967700
-1.087400
-0.870800
-1.182800
-0.822600
-1.323100
-0.738900
-1.147000
-1.538700
-0.831700
-0.929700
-1.302100
-0.858300
-1.223400
-1.075300
-1.188100
-1.277500
-0.929700
-0.917600
-1.115300
-0.816900
-0.729400
-0.375400
-0.205400
0.269800
-0.472700
0.103300
0.171900
-0.138000
0.193400
0.117000
-0.068400
-0.134000
-0.084100
-0.658200
-0.214400
-0.145300
-0.291600
0.123700
0.217000
-1.240000
-0.439100
-0.929300
-0.876300
-0.767100
-1.325700
-1.330500
-0.995200
-0.925800
-0.854700
-0.812000
-0.686100
-1.030500
-0.506800
-0.784300
-0.569600
-0.508300
-1.140800
-0.785100
-0.157400
-0.413800
-0.624900
-1.289900
-0.668100
-1.236900
-1.482600
-1.309900
-1.066800
-0.871800
-0.766300
-1.181600
-1.523000
-0.401100
-0.990400
-0.755900
-1.118100
-1.316400
-0.618200
-0.794200
-0.254800
-1.359300
-1.299900
-1.162000
-1.549400
-0.733000
-0.773700
-1.061300
-1.239100
-0.737800
-1.045600
-0.992600
-0.864100
-0.826900
-1.075900
-0.712400
-0.915900
-0.815700
-0.709700
-1.187100
-1.141000
-1.084600
-1.020000
-1.222800
-0.526700
-1.073600
-1.428500
-1.223300
-1.685700
-1.262500
-1.317800
-1.250700
-1.215700
-1.279400
-0.935300
-1.168700
-1.396800
-0.831900
-0.878900
-0.499800
-0.515200
0.015500
-0.524700
-0.046000
0.009100
-0.156500
-0.464200
-1.141900
0.021300
-0.058200
-0.475900
-0.572100
-0.423900
-0.143400
-0.728200
0.299300
-0.197100
-0.264800
-0.219800
-0.081700
0.025400
-0.100600
-0.070400
0.193700
-0.504100
-0.282100
0.451400
-0.045100
-0.327600
-0.298900
-0.664200
0.223600
-0.417800
-0.821200
-0.273600
-0.535600
-0.451400
-1.160900
-0.837000
-1.378200
-0.879000
0.409700
-0.317200
-0.073500
0.022600
-0.470400
0.036300
0.434900
0.156600
0.246300
0.569900
-0.229300
-0.071800
0.110500
-0.022500
0.132500
-0.361700
0.529600
0.082000
-0.082400
0.183400
0.065900
0.008800
0.650400
0.048900
0.301400
-0.032900
-0.169600
-0.000600
-0.017400
-0.159700
-0.193600
-0.410500
0.316400
0.119700
-0.628100
-0.420900
-0.461600
-0.083600
0.424500
-0.215700
-0.110800
-0.697000
-0.547300
-0.106600
-0.255900
-0.269900
-0.260600
-0.716400
-0.460800
0.071200
-0.131400
0.143500
-0.706900
-0.826200
-0.650100
-0.662100
-1.042800
-0.953600
-0.537000
-1.165600
-0.356300
-1.143200
-1.105600
-0.695500
-0.919800
-0.364300
-0.354300
-0.185200
-0.473300
-0.421800
-0.635200
0.228300
-0.042700
-0.160800
-0.451500
0.010400
-0.485200
0.066400
-0.063400
0.021300
-0.209900
-0.476100
0.097600
-0.230700
0.075500
-0.044500
-0.080100
0.248800
-0.086200
-0.102000
0.191200
0.054300
-0.400400
0.668000
-0.155000
-0.423800
0.039300
0.023300
-0.139900
0.550700
-0.474100
-0.190000
-0.385200
-0.073200
-0.432200
-0.453300
-0.364600
-0.071700
-0.086700
0.137500
0.134900
-0.615400
-0.134700
0.030500
0.488200
-0.335500
0.400500
-0.343100
0.159700
0.272200
-0.015200
-0.390800
-0.077400
-0.495700
-0.714600
-0.151200
0.052700
-0.346800
-0.676700
0.185100
-0.150300
-0.400700
-0.243000
-0.421400
-0.344600
-0.528600
-0.609300
0.081100
-0.764100
0.185300
-0.541100
-0.271300
-0.018200
-0.291700
-0.087000
-0.446700
-0.443200
-0.397200
-0.256900
-0.005200
-0.178000
-1.074600
-1.162900
-0.711200
-1.365400
-0.492800
-0.764000
-1.138600
-0.242600
-0.360600
-0.360300
-0.079800
-0.139100
-0.488600
-0.620100
0.215300
-0.360000
-1.079600
0.005100
0.033800
-0.298500
-0.365800
-0.184600
-0.307700
-0.480900
-0.959800
-0.975400
-1.279000
-1.030200
-1.169100
-1.064600
-1.179100
-0.650200
-0.896800
-0.507100
-0.055600
-0.492600
0.109100
-0.556800
-0.413000
0.018400
0.457100
0.191500
-0.085900
-0.213400
-0.149700
-0.097600
-0.326600
-0.949100
0.180000
-0.221600
-0.009400
-0.539400
-0.434800
-0.026300
0.009600
-0.302500
-0.549800
-0.879000
-0.808800
-1.092900
-1.373400
-0.758000
-1.279500
-1.302300
-1.074500
-1.239400
-1.490700
-1.385400
-0.968200
-1.000400
-0.842000
-1.294400
-1.484200
-1.040500
-0.807900
-0.946600
-0.597700
-1.069500
-0.927700
-1.241500
-0.987500
-0.311700
-0.530800
-0.816300
-0.822700
0.343200
-0.135600
-0.318800
-0.091600
-0.694400
0.156300
-0.643300
0.094000
-0.367200
-0.046300
-0.158200
-0.198500
0.116100
-0.190300
0.352500
-0.309800
-0.583100
-0.499300
-0.111200
0.110300
-0.060400
-0.216900
-0.575400
-0.868100
-1.055400
-0.536400
-0.321500
-0.130400
0.107800
0.240200
-0.311900
0.460800
-0.176600
-0.071800
-0.275100
-0.026900
-0.066600
-0.602600
-0.067200
-0.197600
-0.426800
-0.433900
-0.517500
-0.497700
0.162200
-0.038500
-0.198100
-0.260500
0.586100
-0.036400
0.169700
0.167700
-0.066500
0.000600
0.182200
-0.321600
-0.143700
-0.199100
0.097700
0.021700
0.110500
0.158200
0.135600
0.221400
0.580000
0.269300
0.007400
-0.173800
0.039400
-0.413500
0.020600
0.002000
-0.341000
-0.570400
-0.989700
-1.139000
-1.224700
-0.893000
-0.819800
-1.119600
-0.883300
-1.169600
-0.875700
-0.481100
-1.072400
-1.145200
-1.224700
-1.468600
-1.080600
-1.155200
-1.129000
-0.463400
-0.240400
-0.304300
-0.280200
-0.178900
-0.067500
-0.480600
-0.521700
-0.135800
0.041200
0.401600
0.173000
0.036900
-0.981700
-0.901600
-0.415800
-0.665800
-0.720600
-1.051900
-1.241500
-0.753400
-1.300400
-0.856800
-1.033400
-1.289700
-1.153000
-1.227900
-1.179000
-0.732000
-0.988900
-1.144400
-1.264300
-0.425000
-0.645200
-0.702300
-0.726000
-1.039900
-0.847000
-0.336500
-0.505200
0.051000
-0.027900
-0.545900
-0.291900
-0.232800
-0.425000
0.301000
0.133900
0.158600
0.511600
0.554700
0.002600
0.029600
-0.249700
-0.517300
0.274700
-0.489400
0.005000
-0.392600
0.086900
-0.404200
0.130700
-0.371800
0.272900
0.270500
-0.197000
0.433600
-0.374700
-0.011200
0.120600
0.182300
-0.297000
-0.152600
0.338100
0.279500
-0.172900
0.012000
0.527300
-0.409100
-0.233200
-0.814800
-0.643600
-0.537100
-0.547200
-0.434800
-0.889000
-0.569600
-0.896900
-1.016800
-1.121800
-1.314600
-1.253900
-1.223700
-1.329700
-1.087800
-0.921600
-1.114600
-1.476400
-0.610000
-0.921500
-1.087400
-0.549800
-1.362500
-1.044900
-1.171100
-0.403800
-1.065000
-1.097800
-1.315400
-0.716800
0.122000
-0.371300
-0.343300
-0.169300
-0.478100
-0.518400
-0.843700
-0.829500
-1.002500
-0.740800
-1.101700
-0.922000
-1.207700
-1.105900
-1.147600
-0.535300
-0.119900
-0.627500
-0.230900
0.054400
-0.271800
0.024700
-0.094900
0.000100
-0.242500
-0.474400
-0.409900
-0.530200
-0.669500
-0.173500
-0.596800
-0.710300
-0.109000
-0.994500
-1.141400
-1.115300
-0.684300
-0.148900
0.155800
-0.039200
-0.278900
-0.353600
-0.167800
-0.600900
-0.119900
0.019200
-0.140200
-0.973400
-1.260000
-1.328800
-0.366200
-0.450000
-0.237200
-1.464900
-0.514400
-0.598000
0.001800
-0.318800
0.096200
-0.050100
-0.356200
-0.023600
-0.391100
0.556700
0.212000
-0.024000
-0.453800
-0.105300
-0.332100
0.039200
0.155800
0.209300
0.047700
0.277700
0.209400
0.016100
-0.209000
-0.063100
-0.439500
-0.314200
-0.227000
0.264800
0.711900
0.347500
-0.498500
-0.024600
0.061600
-0.243300
0.011200
-0.411000
0.062600
-0.362900
-0.378200
-0.113600
-0.353800
0.001300
0.019700
-0.051600
0.107300
0.119000
-0.139600
0.103200
0.015500
0.158000
-0.268400
-0.108100
-0.437700
0.357500
-0.122100
-0.235300
-0.596500
-0.730300
0.267700
-0.445200
-0.629700
0.279900
-0.295000
0.035300
-0.382600
-0.631100
-0.892800
-0.767500
-0.655400
-1.042900
-0.885900
-0.623900
-0.684700
-1.098700
-0.614600
-1.044600
-1.073900
-1.404800
-1.020300
-0.915800
-0.899800
-0.690200
-0.876300
-0.779200
-0.897100
-0.841300
-1.475000
-1.486600
-0.972800
-1.113000
-1.062400
-1.175600
-0.916500
-1.043700
-1.269200
-0.724000
-0.765100
-0.722500
-0.169900
-0.580600
-0.309000
0.508400
0.594100
-0.213700
0.429000
-0.055200
-0.436400
-0.345300
-0.507900
-0.385700
-0.297600
0.321400
-0.687500
0.219400
-0.274300
-0.306300
-0.681100
-0.188400
-0.358500
-0.208200
-0.924900
-0.928200
-0.905000
-1.489100
-1.018900
-0.875400
-0.902800
-1.507900
-0.486600
-0.492700
0.089100
-0.374100
-0.107100
0.084200
-0.097000
-0.009500
0.082100
-0.114900
-0.176300
-0.335200
-0.181100
-0.148600
0.354300
-0.035000
-0.287500
0.377300
0.124400
-0.046500
0.328300
0.694900
-0.044600
-0.361300
0.158400
0.273600
0.143500
-0.128500
-0.003200
-0.572300
0.501300
-0.685800
-0.592300
-1.120800
-0.526900
-1.233100
-0.840300
-1.513400
-1.228200
-1.298900
-1.131800
-1.108700
-0.896000
-0.649300
-0.557200
-0.430300
-0.627500
-0.700900
-0.911900
-0.468000
-0.631300
-0.438500
-0.806300
-0.040800
-0.176700
-0.308800
-0.008600
-0.746400
0.120800
0.211600
-0.412400
-0.493100
0.308200
-0.307000
0.024900
-0.110200
0.580400
-0.130500
-0.081900
0.003200
0.166200
0.388000
0.052500
0.080600
-0.304800
-0.072100
-0.645900
-0.314400
-0.720800
-0.737300
-0.996000
-0.981600
-0.685500
-0.864600
-0.873800
-1.051300
-1.066400
-1.140700
-1.189200
-1.239300
-1.337500
-0.679100
-1.200000
-1.091300
-0.953300
-0.988900
-1.261200
-1.206900
-0.428700
-0.804900
-1.394100
-1.336300
-1.313800
-0.795700
-0.776100
-1.306100
-0.509300
-0.683200
-0.178000
-0.017800
-0.273000
-0.471400
-0.080700
0.171000
-0.436200
0.037600
0.085700
-0.150800
-0.395600
-0.394900
-0.243100
-0.355100
-0.315700
-0.490700
-0.253800
0.071300
-1.283500
-0.912300
-0.587700
-1.045100
-1.390600
-0.315000
-0.446800
-0.083200
-0.381900
-0.757400
-0.243400
-0.522200
-0.176700
-0.572500
-0.422100
-0.078700
-0.032000
0.056300
-0.077700
-0.415700
-0.164700
-0.362600
0.254500
-0.420100
-1.213000
-0.715300
-0.500600
-1.046200
-0.501600
-0.632500
-1.116100
-1.182900
-0.980900
-0.947000
-0.768400
-1.488100
-1.204300
-1.202700
-1.064200
-1.258900
-1.489800
-1.188000
-1.045900
-1.307100
-1.063700
-1.350700
-1.127500
-1.420400
-1.288800
-1.565700
-1.306200
-1.354300
-1.073600
-1.293500
-0.826400
-1.137100
-1.063200
-0.526700
-0.940000
-0.922100
-0.967500
-1.049500
-0.684600
-0.671600
-1.199700
-0.786700
-0.585200
-0.948100
-0.071300
-1.296600
-1.290800
-1.394700
-0.969700
-1.042500
-0.915600
-1.033500
-0.810600
-0.727000
-0.184600
-0.268600
0.425900
-0.068700
-0.459700
-0.063200
-0.233500
-0.195000
-0.507200
0.025100
-0.181000
-0.056800
-0.748100
-0.641200
-0.550800
-1.040300
-1.045000
-0.820500
-0.999400
-1.063000
-0.932400
-1.147500
-1.256100
-1.060900
-1.259600
-1.186700
-1.273600
-1.220400
-1.046400
-1.244000
-0.632800
-1.093400
-1.067600
-1.051200
-1.177800
-0.785000
-1.480800
-1.230800
-1.002000
-0.713700
-0.496100
-0.921000
-0.944300
-0.480300
-0.889100
-1.236300
-1.353500
-1.117300
-1.288900
-0.920900
-1.140800
-1.331600
-1.052100
-1.139200
-1.223100
-1.161300
-0.921300
-0.661000
-1.073700
-1.247100
-1.182900
-1.130700
-1.375500
-1.400600
-1.004900
-1.102600
-0.623000
-1.075000
-1.233500
-1.499700
-1.394200
-1.325900
-0.963200
-1.147100
-0.793000
-0.847000
-0.989400
-1.307400
-1.363800
-0.844400
-0.755100
-1.300200
-1.046100
-1.374300
-0.482000
-0.780200
-0.920800
-0.636700
-0.873300
-0.371500
-1.073900
-0.333200
-0.451200
-0.687800
-0.473700
-1.298300
-0.972300
-1.226500
-0.798100
-1.003900
-0.823700
-0.465000
-0.043800
-0.368200
-0.071600
-0.293800
-0.073900
-0.010500
0.125400
-0.420000
-0.493900
-0.115200
-0.602900
-0.506800
-0.540900
-0.543400
-0.634200
-0.780600
-0.994500
-0.719600
-1.050800
-0.859900
-0.602000
-1.629200
-1.123300
-1.459700
-1.112400
-0.939900
-1.012700
-0.942100
-1.001100
-1.007500
-0.551800
-0.823300
-1.235900
-0.216300
0.038600
-0.881900
-0.694300
-0.717200
-0.805500
-1.277600
-0.976300
-1.255200
-0.604000
-0.765500
-0.670100
-0.863100
-0.544100
-0.985900
-1.141700
-0.536100
-0.989000
-0.972200
-1.417200
-1.124300
-1.071500
-1.259500
-1.198800
-1.414700
-1.007700
-0.064400
-0.085600
-0.696900
0.140000
-0.051100
-0.857900
-0.610700
-0.927900
-0.718800
-0.653000
-0.964500
-0.853700
-0.996900
-0.696000
-0.966700
-0.975800
-0.606000
-1.007200
-0.883500
-1.337800
-1.401500
-1.348500
-1.009400
-1.038500
-1.316800
-0.771100
-0.176700
-1.109100
-0.962500
-0.802200
-0.903900
-0.749800
-0.787100
-0.830300
-0.624200
-0.428600
-0.046500
-0.304800
-0.452300
-0.073000
0.069400
-0.358200
-0.195300
-0.078600
-0.275900
-0.257400
-0.341500
-0.443100
-0.530700
-1.627200
-1.415900
-0.983400
-1.326700
-1.398000
-0.731200
-0.839500
-0.888900
-0.958900
-0.895500
-1.279300
-0.753300
-0.875900
-0.431000
-0.942600
-1.540700
-1.281800
-1.180000
-1.112600
-1.054100
-1.009100
-0.732200
-0.627300
-1.105900
-0.930400
-1.590600
-1.182200
-1.118800
-1.558100
-1.118900
-0.607500
-0.385100
-0.823400
-0.740700
0.015300
-0.057400
-0.603100
0.111300
0.294500
0.192600
0.104300
-0.244700
-0.028600
-0.766700
0.239100
-0.145400
0.220200
-0.278500
-0.221300
0.759100
0.120600
0.484800
-0.118300
0.197700
0.820300
0.724000
-0.133500
-0.080400
-0.096600
-1.188700
-1.037000
-0.892100
-1.108500
-0.502300
-1.108300
-0.375100
-0.944000
-0.134100
-0.631000
-0.414200
0.102000
-0.046500
-0.056500
-0.294000
-0.902700
-0.180300
-0.422100
0.014400
-0.699000
-1.043900
-0.800300
-0.913000
-1.241700
-0.898200
-1.257600
-0.968000
-1.379400
-1.301900
-1.198100
-1.298800
-1.284100
-1.159100
-1.183600
-1.170300
-1.448000
-1.081300
-1.380800
-1.107300
-1.461800
-1.236100
-0.782400
-0.995900
-1.483100
-1.509200
-1.424200
-1.371800
-1.119300
-0.978300
-1.092300
-1.476700
-1.035700
-1.557000
-0.571400
-1.118400
-0.910200
-0.663900
0.018900
0.004300
-1.049100
-1.183800
-1.007300
-0.931400
-0.823300
-0.520300
-0.684100
-1.342700
-0.779300
-1.111200
-0.891000
-1.231900
-1.030600
-1.383500
-1.417900
-1.088500
-1.379000
-1.203300
-1.120700
0.058200
-0.855600
-0.331400
-0.153300
-0.733200
-1.547800
-1.192800
-0.996700
-1.239300
-1.584800
-1.417400
-0.023300
-0.729500
-0.678700
-0.405000
-0.390500
-0.971100
-0.793400
-0.614800
-0.735700
-0.530400
-1.066500
-0.611100
-0.519800
0.592800
0.164300
0.117300
-0.163800
-0.247900
0.121300
-0.321200
-0.202600
-1.206600
-1.394800
-1.258200
-1.452400
-1.043900
-0.486500
-1.098000
-1.067400
-1.318300
-1.035800
-1.384000
-0.487800
-1.363300
-1.189800
-1.196300
-0.655700
-1.102400
-1.482600
-0.802600
-1.283500
-1.276400
-1.124800
-1.339500
-0.196300
-0.187900
-0.299300
-0.110200
-0.648600
-0.633900
-1.006200
-1.149500
0.088100
-0.352300
-0.074500
0.097400
-0.026200
-0.037500
-0.545700
-0.356900
-0.481100
0.110900
-0.556900
-0.556900
-0.426700
-0.350300
-0.227400
-0.026400
0.229400
-0.124200
-0.123800
-0.595000
-0.745300
-0.552700
-1.089000
-1.410500
-1.003200
-1.107400
-0.990400
-0.275600
-0.229900
-0.823800
-0.718800
-0.994700
-1.099300
-1.091200
-0.518000
-0.386200
-0.348600
-0.165400
-0.281700
-0.642700
0.052700
-0.817700
0.226900
-0.190900
-0.503000
-0.516000
-0.108800
-0.497900
0.137200
-0.852800
-0.194600
-0.277200
0.305600
-0.301500
-1.326100
-0.610700
-0.506700
-0.398000
-0.500400
-0.186300
-0.030300
0.122800
0.026200
0.336800
-0.239500
-1.110300
-0.849800
-1.097200
-1.428100
-1.504500
-0.386300
-0.803400
-0.439000
-0.331800
-0.154700
-0.396200
-0.153000
-0.608500
-0.132500
-0.789600
-1.485900
-1.644200
-1.487100
-1.036800
-0.861200
-0.997100
-0.990600
-1.254200
-1.054000
-0.948700
-1.579600
-1.144300
-1.247300
-1.348600
-1.251400
-1.532100
-0.992500
-1.246200
-1.323900
-0.694700
-0.654000
-0.591900
-1.108500
-0.491200
-1.015900
-0.985100
-0.365700
-0.366000
-0.326400
-1.207800
-0.862700
-0.604400
-1.214600
-0.147800
-0.077200
-0.437900
-0.631600
-0.100900
-0.313200
-0.582400
0.046100
-0.456100
-0.405600
0.010000
-0.603700
-0.463400
-0.458100
-0.221200
-0.373700
0.018800
-0.274600
0.114700
-0.244400
-0.392200
-0.464500
0.833300
0.217500
0.982500
0.075400
0.065500
-0.290600
-0.040800
-0.118000
0.115800
0.125100
-0.159600
0.037700
0.573900
-0.373000
-0.139400
0.046800
-0.496600
-0.101100
-0.423100
-0.149100
-0.988500
-0.959300
-1.195400
-1.037600
-0.771000
-0.611100
-0.886100
-0.630700
-0.944000
-0.502300
-1.302800
-0.054900
-1.365800
-1.156100
-1.056900
-1.235500
-1.322100
-1.260000
-1.393800
-1.404700
-1.523000
-1.221600
-0.750000
-1.521000
-1.428600
-1.177900
-1.105700
-1.375400
-0.679700
-1.001200
-0.835900
-0.288300
-0.930900
-0.862200
-0.860100
-1.143800
-1.036600
-1.068500
-1.074600
-0.737400
-1.287300
-0.960300
-0.908300
-1.183400
-1.191500
-0.873100
-0.956000
-0.783700
-1.092100
-1.127900
-0.945400
-1.425000
-1.046300
-1.286400
-0.418800
-0.928000
-0.983700
-0.770600
0.131600
-0.875200
-0.399800
-0.098100
-0.212800
-0.057400
-0.478200
-0.673700
-0.495000
-0.633800
-1.376400
-1.333500
-1.339400
-1.199500
-0.398600
-1.068800
-0.147100
-0.639800
-0.840200
-0.074500
-0.080700
0.260200
-0.390100
-0.342300
0.043300
-0.310400
-0.148400
0.017000
-0.632000
-0.289900
-0.659200
-0.470100
-0.704100
-0.482000
-0.395000
0.292000
-0.125500
0.170900
-0.379800
-0.346400
-0.144800
-0.287100
0.057500
0.276400
-0.266900
0.199700
-0.139700
0.210500
-0.067700
0.173000
-0.285400
0.371700
-0.539500
-0.450900
-0.258600
-0.248100
0.378100
-0.316800
0.112100
-0.741300
-0.474500
-1.187600
-0.976100
-1.095300
-1.144000
-1.069800
-0.368300
-0.443100
-0.396400
-0.810600
-0.417800
-0.146700
-0.305900
0.331200
0.054500
0.062200
-0.040200
0.124800
-0.178400
-0.188600
-1.467200
-0.647600
-0.259300
-0.801100
-0.876200
-0.804400
-0.302700
-0.271200
0.151700
0.281500
0.223600
-0.543600
0.050100
-0.094300
-0.789000
-0.532500
-0.124600
0.065100
-0.176600
0.265000
-0.290600
-0.495900
-0.947300
-1.227200
-0.694800
-0.169000
-0.586800
-0.235300
-0.757800
-0.025200
-0.362600
0.033700
-0.417900
-1.118700
-0.374700
-1.064200
-0.865700
-0.652700
-0.932600
-1.012800
-0.342000
-0.575300
-0.335100
-0.296200
-0.509200
-0.726100
-0.656000
-0.745200
-0.838900
-0.979800
-0.246000
-0.707600
-1.006600
-0.879100
-0.873900
-0.526200
-1.021300
-1.289100
-1.155400
-0.627900
-0.956900
-1.093400
-0.845200
-1.224900
-1.336200
-1.468700
-1.458000
-0.437800
-0.898800
-1.174300
-1.089900
-0.370500
0.070500
0.030900
-0.522400
-0.504300
-0.700500
-0.250600
-0.203800
-0.270600
-0.331700
-0.148000
-0.142900
-0.745200
-0.267600
-0.517500
-0.509700
-0.480200
-1.404000
-1.304900
-0.902200
-1.208200
-1.244800
-0.534000
-0.883700
-0.783700
-0.451800
0.255800
-0.253300
0.219700
-0.227700
0.084700
-0.454400
-0.032100
-0.121600
-0.424000
-0.641000
-0.316700
-0.204100
-0.336500
-0.014900
-0.160600
-0.366000
-0.113800
-0.625600
-0.321100
-0.469200
-0.001800
0.533800
-0.422400
0.349900
-0.535500
-0.674000
-0.131900
0.061000
-0.149100
-0.103800
-0.101000
-0.687600
-0.601500
-0.525600
-0.441500
0.046000
-0.136700
0.103900
0.172300
0.383100
-0.012200
-0.397400
-0.723100
-0.727000
-1.065800
-0.540700
-0.646500
-1.050600
-0.940700
-0.346500
-1.141400
-0.816300
-1.047300
-1.333100
-1.135600
-0.452900
-0.342900
0.471500
-0.421400
-0.571500
-0.067600
0.002600
-0.252800
-0.153600
0.080600
-0.309700
0.170400
-0.314400
-1.371500
-0.077800
-0.654500
-1.359600
-0.966200
-1.342500
-0.628600
-1.285600
-1.302000
-1.136800
-0.616900
-1.294000
-1.248100
-1.142500
-1.129500
-1.384400
-1.194800
-0.728100
-0.352500
-0.023800
-0.370900
-0.475300
-0.337800
-0.424200
0.122300
-0.964800
-1.161800
-1.029900
-1.042100
-0.863400
-0.811600
-0.778800
-1.349000
-1.167400
-0.975000
-0.698100
-0.046200
-0.156300
-0.264100
-0.078900
-0.500300
-0.332300
-0.264200
-0.133800
-0.586100
-0.917300
-0.243600
-0.025200
-0.023600
-0.047300
-0.278100
-0.603400
-0.574200
-0.818600
-0.651000
-0.787000
-0.840600
-0.405900
-1.216800
-1.302500
-0.768900
-0.788800
-0.379100
-0.596900
-0.972400
-0.466700
-0.603400
-0.262100
0.072700
-0.084800
-0.199800
0.235900
0.348700
-0.002400
0.237700
-0.041400
0.417700
0.466900
-0.011200
0.408400
0.084000
-0.248900
-0.263000
-0.237000
-0.193100
-0.115800
0.190000
0.143700
-0.414800
-0.391000
-0.069900
0.038700
-0.014100
-0.147600
-0.460800
-0.255100
-0.493500
-0.073800
-0.034100
0.196500
0.105200
0.217000
-0.209900
-0.425500
-0.077600
-0.486200
-0.544500
-0.197700
-0.057400
