# gradients (DV/DL) for lambdas: 0.0 0.05 0.1 0.15 0.2 0.25 0.3 0.35 0.4 0.45 0.5 0.55 0.6 0.65 0.7 0.75 0.8 0.85 0.9 0.95 1.0
0.000000 7.042900 7.664500 -7.721600 4.474900 -4.782400 1.560000 9.924600 4.104600 7.796200 9.422800 6.560600 -0.436500 8.345500 -0.776600 -6.129500 -35.271400 -15.799500 -18.402900 -14.193900 -3.434500 -3.409900 
0.002000 3.211000 11.846700 3.750500 10.197900 2.047200 3.554600 -3.426600 5.803000 4.175300 6.604400 3.917300 -1.919000 8.988000 2.221000 -11.672300 -23.712100 -28.064400 -23.798000 0.385800 -8.144000 2.980100 
0.004000 -2.978600 5.258300 6.381100 10.985800 5.754900 4.942300 5.222500 4.362300 7.026100 9.143900 -3.307700 -9.530000 -5.630800 -4.233800 -18.371600 0.016200 -22.671700 -15.378300 -11.863400 0.316400 -2.602600 
0.006000 6.223700 6.931600 10.884800 6.885600 12.134200 12.504000 8.078900 -5.976400 0.931200 1.513900 -11.100900 -19.289300 -0.313500 -0.458900 -11.501900 -11.887900 -20.464200 -19.857200 -9.538700 -0.804800 -1.048900 
0.008000 9.612800 9.120000 8.434000 11.729500 11.811400 10.361200 10.616400 1.682900 -1.494900 1.156200 0.189900 6.313500 -25.578100 -5.446500 -22.406800 -24.350100 -20.126600 -17.657200 -14.458200 0.959600 -3.040300 
0.010000 8.268200 10.352900 11.058200 5.319900 8.807200 5.403800 4.629700 -4.662100 12.367900 6.166900 -1.493900 7.651400 -5.078900 -15.171300 6.942900 4.500000 -0.521200 -12.576000 -13.912000 -0.906700 -1.980200 
0.012000 10.252800 10.811300 5.929100 9.979700 8.485000 -3.993800 8.351000 -1.702300 -3.048300 -0.033500 3.508600 3.299100 7.045900 -16.013400 -16.124100 -48.740900 -5.418200 -15.754700 -11.765300 -5.687900 -0.793800 
0.014000 6.104000 -1.997500 10.190400 5.214600 8.141200 10.600700 -1.930000 3.594800 0.939500 -3.909900 0.819200 1.110100 -0.000500 -24.991200 -21.442300 -2.809700 -35.920600 -17.563700 -9.073500 -5.042700 -1.691700 
0.016000 6.951400 9.869600 7.070700 7.872100 8.796800 6.827600 -8.299700 10.217200 4.672300 -8.182100 0.150600 -15.511000 7.576800 -8.526900 4.341200 -17.586800 -23.282700 -15.138300 -13.982300 -5.952600 -1.457000 
0.018000 1.326900 12.278100 4.187900 5.307200 9.470100 -1.458400 6.384600 -0.419100 -10.469300 10.967800 -2.177800 6.417300 6.643500 -1.612500 -48.346100 -32.130800 -18.536900 -19.938900 -13.577300 -6.369900 0.799400 
0.020000 -4.726700 0.824700 8.968900 3.747000 -0.676100 2.651400 -8.370200 3.878000 8.460000 7.905700 8.600100 -1.921600 -6.478500 -7.831600 -25.662600 -30.123000 -32.194500 -15.180700 -12.084400 -5.043900 1.476300 
0.022000 9.795300 4.006900 9.189300 10.856600 4.423400 10.365200 -1.330700 -21.058700 -27.961900 2.531800 -5.034800 5.680800 1.860000 4.337300 3.027100 -10.718400 -28.558800 -12.563700 -10.463800 -11.646300 1.594300 
0.024000 1.774400 11.837300 11.173900 11.572000 3.029500 6.945100 6.899200 12.475100 -3.356700 -22.078600 4.190000 -0.688300 -6.267600 -6.538600 -13.649200 -11.113100 -18.617800 -20.020500 -10.447200 -5.524300 0.703700 
0.026000 7.979900 5.524900 5.527900 11.125000 7.737100 1.015100 -0.192300 12.569800 -1.554500 3.067100 8.775200 -15.760000 3.415400 -2.588300 -11.839300 -9.473900 -31.578700 -19.356900 -2.508300 0.610000 -3.239300 
0.028000 -1.729200 9.321800 9.908400 6.170300 9.943600 -1.123000 7.211600 -5.467900 8.199000 -10.513900 -14.617000 -1.784900 -0.335600 -6.611400 -28.569200 -16.804100 -23.709600 -12.872400 -8.398200 -5.341700 -1.700400 
0.030000 -10.086000 2.695300 10.096600 3.103700 2.992400 4.719800 -12.603100 6.465200 -0.441300 2.417600 10.165200 4.141100 -1.516100 1.884400 -22.494800 1.449300 -32.456400 -22.392100 -5.406700 3.912500 -2.381500 
0.032000 8.301200 11.376200 9.046400 10.013600 -0.759200 7.348300 5.341400 9.759900 3.272100 4.918900 8.416000 7.455300 -8.728000 -2.625400 -30.151900 -35.703600 -3.555000 -10.845900 -13.826800 -2.705000 1.696300 
0.034000 13.135100 10.976600 3.864600 8.924900 8.461800 2.727700 3.555700 5.522700 5.718200 4.508000 3.460800 -8.191200 1.847300 -3.335800 4.915000 -2.572000 -30.926700 -16.714800 -5.280200 -3.842100 3.654300 
0.036000 -3.137500 3.973900 6.959900 12.597700 5.726100 7.970800 -0.626500 5.132800 11.499500 3.144300 6.015900 -12.728200 -5.625300 -15.320500 -37.123100 -44.073600 -15.962300 -16.637000 -4.022700 -9.293300 -0.457000 
0.038000 7.992000 -7.116300 2.352000 8.097100 9.549200 0.665100 7.399300 3.544200 1.028200 6.495900 -8.957800 10.692600 0.564300 -2.898300 -13.307000 -19.226800 -12.674100 -19.187300 -6.432700 -4.014700 1.214600 
0.040000 9.855400 -2.182400 8.929700 10.262400 4.742100 10.371500 -7.801100 10.960900 7.551400 -0.756000 -4.093400 -1.478500 -8.782400 -1.803100 -21.111400 -50.641900 -7.370200 -9.901500 -7.091800 -4.356900 -0.813700 
0.042000 -2.276600 6.081500 4.089500 -1.636300 6.379500 6.600300 6.367200 3.476900 1.631900 0.866900 1.959400 -7.541200 -2.373900 -10.427600 -27.663600 -9.118400 -16.124900 -3.081100 -16.183000 -1.415300 -1.459100 
0.044000 8.005600 9.058300 7.893600 -1.304200 5.596100 9.556500 5.399800 3.934800 9.073700 6.939000 4.890100 10.320400 2.983700 -3.563400 -16.051100 -4.556400 -25.694300 -23.925800 -12.158200 -7.357900 1.160900 
0.046000 5.358700 3.121500 3.285800 -8.332600 -0.217800 0.101400 9.634900 -2.562600 12.208000 0.483800 4.993900 10.802300 -3.920700 -11.745900 -23.949100 -39.625400 -15.279500 -15.794900 5.734000 2.033200 0.863900 
0.048000 10.506600 9.512400 -0.476300 5.385100 7.178000 11.686400 12.646400 6.981500 11.117400 3.293400 -22.916700 -23.003000 1.444600 -21.913600 5.400200 -39.602500 -20.581900 -18.211600 -13.188500 -2.164700 2.864400 
0.050000 0.014000 10.801300 -2.682100 4.079600 4.188800 7.403400 2.725500 5.818500 1.222800 1.675200 3.457300 -1.963400 3.994300 7.977300 -14.806300 -30.842800 -24.974800 -16.647000 -16.024700 -3.162900 -0.055400 
0.052000 -1.790800 4.804200 10.485700 10.747800 -0.010000 -0.717500 -0.442000 1.641400 -2.449700 3.830400 10.463600 8.226900 6.912800 5.513100 1.036500 -19.883300 -25.203200 -10.281400 -3.758300 -8.487800 0.545800 
0.054000 12.032400 6.973300 7.262500 2.944000 6.678300 3.526300 0.356500 7.755800 9.910500 0.254100 1.783100 -4.200000 6.727700 -12.358900 -39.354500 -8.546900 -5.390700 -11.665200 -13.777900 -5.420300 0.598900 
0.056000 7.640500 9.769600 2.700400 0.737900 -4.502400 4.784400 -8.062700 10.145500 -0.660900 3.085100 9.867400 3.260200 4.611400 -3.228800 -16.662300 -7.267800 -26.467800 -25.564600 0.295500 -3.243700 3.162800 
0.058000 5.948100 11.511000 6.807000 10.549300 8.021800 5.292600 6.142200 5.683000 7.374800 9.170600 6.896400 5.116400 -15.814500 -23.554600 -2.782100 13.096500 -14.499300 -13.101300 -14.346800 -3.508400 0.594600 
0.060000 0.339400 5.894500 10.424100 10.475100 7.135600 -0.056200 -6.436500 8.328200 9.124500 7.350000 6.987200 10.045500 -17.453700 -11.187500 -9.852700 -9.507400 -4.666300 -19.517300 -9.648200 -4.506300 -0.124000 
0.062000 4.977600 6.490700 9.295700 3.775200 7.920000 7.187800 11.832200 -9.100000 -5.477300 10.743800 -2.571600 -12.634700 6.140900 -5.524900 -12.005800 -3.312200 -9.999300 -15.444100 -12.038500 -8.289200 -4.166200 
0.064000 2.218300 11.736200 3.066500 5.409100 4.422500 12.860400 3.142200 7.365200 -1.122700 -6.177500 -8.926100 -12.159300 -2.870500 4.884000 -29.283700 -0.282500 -31.521300 -17.778000 -10.947300 -3.427800 -2.113300 
0.066000 9.495000 -1.007700 3.525000 10.642300 -0.724300 -7.130500 8.834900 10.204900 -5.855000 0.188500 -9.105400 10.140400 3.291900 -5.941800 0.180400 -10.074200 -18.674100 -13.197000 -14.628400 -7.634700 -3.714200 
0.068000 8.318500 7.903600 7.599300 3.188400 -2.596800 -12.265000 6.413200 10.899200 7.636100 6.013100 1.404600 7.039100 -3.063400 -1.620700 -9.791000 -17.576400 -13.797300 -16.524900 -8.149700 0.388100 3.343700 
0.070000 -3.505600 5.454400 1.823400 5.770400 5.286900 7.139200 -5.641000 5.594300 6.362700 2.858400 8.723600 4.713500 -16.629200 -25.306600 -20.634500 -38.684200 -29.354600 -10.451300 -8.278400 -2.393600 -0.591400 
0.072000 0.701900 6.219300 12.522000 10.601100 7.824700 6.221500 6.187600 9.123100 -5.607700 -7.164300 -1.979700 2.240000 9.701700 -9.910600 -13.875300 -3.361700 -10.029000 -11.199200 -7.012000 -6.244400 -2.008500 
0.074000 7.216800 2.047400 4.279000 11.189000 8.702700 4.023500 1.502800 5.641000 7.687800 -2.429500 8.405700 -2.787800 9.540200 0.477300 -38.657700 -18.676100 -3.994800 -20.293000 -9.260500 -4.310100 2.053800 
0.076000 1.532500 9.730600 10.663900 10.962900 8.627100 0.678400 -0.878300 5.522100 7.942600 -6.235800 3.053600 -0.292800 12.522600 7.412000 -11.254400 -18.363100 -21.024800 -10.961300 -9.687500 -7.626700 -2.866500 
0.078000 -1.116600 11.621800 7.854000 12.317700 1.130600 -1.057600 8.298300 -0.340100 7.625900 -0.729300 12.551800 6.979400 -17.747700 3.039100 1.011000 -13.952300 -24.455200 -13.487400 -6.588000 -2.620500 -3.080300 
0.080000 10.819900 8.210400 8.709800 9.677600 11.758800 6.589600 4.999400 7.060900 7.837900 8.906500 -8.347500 6.635400 -14.247500 -15.387500 -14.023800 -30.558500 -15.615700 -12.984200 -7.329600 -9.199000 2.256800 
0.082000 8.358300 9.593100 9.799100 1.227100 11.886200 -2.413500 -1.580900 8.180600 0.763700 3.340200 -6.471200 10.682400 7.714200 7.024000 -26.723500 -33.420300 -13.072700 -18.609800 -13.100400 -3.290600 2.132200 
0.084000 6.782100 5.149800 3.980400 8.395600 7.652400 8.558400 7.701600 3.905100 -3.912500 0.175700 4.921800 2.780600 10.980900 1.877600 -14.118100 -16.714600 -11.482200 -12.585100 0.574800 -0.061200 -1.508300 
0.086000 8.103700 3.427200 0.111100 8.869700 -10.382700 6.910200 6.271000 7.798500 1.416900 0.109100 5.435300 8.810100 -27.361100 -0.042200 -20.052000 -23.771400 -29.369300 -15.682000 -11.222200 -4.980300 0.818300 
0.088000 7.548500 8.281800 -5.266700 8.376900 10.117500 9.384400 5.606100 3.425900 8.575200 -4.613500 -2.582000 -0.685600 -9.578000 4.141000 -8.355400 -5.858100 -29.068700 -15.606900 -10.078500 -2.359100 2.933000 
0.090000 -4.990900 0.636100 10.896300 9.766500 12.304200 -0.509400 7.418200 7.441500 6.736300 -8.214300 0.044200 2.648500 2.569800 -14.190000 -9.686100 -27.316900 -29.335300 -11.031600 -1.042100 -3.387600 0.759900 
0.092000 11.258900 3.634100 6.263400 1.302900 8.963200 9.758600 2.245000 4.864600 11.213900 2.983400 7.105600 5.915000 0.557800 -9.417800 -9.396400 -38.889000 -25.901800 -7.847500 -11.338400 -2.229300 -0.809600 
0.094000 7.753000 10.410700 8.018400 0.331400 6.993000 7.117200 7.507000 7.841900 5.587000 -4.268500 -14.103900 3.149300 -7.103900 -5.771100 -9.620200 -29.469800 -31.697100 -18.388500 -10.666000 -1.570200 2.989500 
0.096000 13.003600 12.156300 7.710600 6.756500 4.691900 9.159800 10.005200 6.182500 3.642900 6.604300 3.245800 9.585100 4.610000 5.147300 -37.980100 -17.424700 -26.604400 -22.406300 -9.510400 -7.002200 2.216400 
0.098000 2.474200 7.715800 11.251800 4.363300 6.460900 1.840100 -0.130000 7.611800 6.891700 -3.172300 -10.149900 -15.173800 0.929400 -1.513000 -10.140400 -5.278400 -27.660400 -13.738300 -11.330400 -0.433100 3.544900 
0.100000 4.340600 8.845400 6.199200 9.681600 5.957300 9.073400 4.108800 7.275300 8.477100 9.377100 4.813800 -7.680200 8.494600 -1.407600 -9.053800 -12.280700 -21.409400 -19.238100 -9.670300 -4.253700 2.059000 
0.102000 7.249400 7.376400 0.480900 6.174600 5.209500 5.327400 7.679000 7.092200 8.194100 -8.404200 1.659500 -15.247600 -6.457600 2.866700 -23.551000 -11.635600 -20.449600 -18.024400 -8.986200 -5.074600 -1.049500 
0.104000 7.636700 8.796800 9.373300 1.981900 1.471000 -1.030100 4.234600 -2.638100 7.072600 0.886000 7.868400 6.651900 -9.299100 -25.449200 -4.077600 -23.655500 -26.571400 -10.911100 -11.978700 -5.154600 0.309200 
0.106000 11.119700 10.574000 11.851000 9.046900 10.615500 -7.357700 13.311100 3.535900 -4.043500 -8.901900 3.215900 6.415100 3.864800 5.886700 -2.387900 -38.977300 -11.093400 -17.078700 -2.760000 -9.785600 -1.419600 
0.108000 6.222500 8.923500 -2.048200 2.771800 -5.329700 9.975200 9.935800 -2.209500 8.231500 -0.578400 -10.192700 1.349200 -10.404700 5.412600 -24.300100 -36.148900 -16.400000 -17.508400 -6.646800 3.084700 1.389900 
0.110000 10.038600 12.087600 6.998900 11.851900 7.082500 6.229000 7.640200 0.882900 10.581200 5.103200 -2.067900 5.512100 -3.885500 -32.749900 -22.463200 -11.748700 -24.647500 -19.389100 -10.079600 -4.814500 2.352700 
0.112000 6.897000 9.782000 8.788700 6.494800 -8.875500 10.501800 8.509400 5.959900 10.792200 1.429200 3.541300 -4.967400 3.370100 -8.793100 -16.827000 -10.388200 -23.949500 -16.330400 -4.807300 -5.093200 10.247400 
0.114000 4.529300 10.623300 11.186300 7.581100 0.915800 7.031300 -3.099100 6.045900 2.554900 10.723300 8.939400 -14.631200 -3.916100 4.107200 -24.017900 -37.801500 -24.611600 -7.911500 -12.040900 -5.756500 1.654600 
0.116000 4.531300 10.101100 2.849000 -11.277800 0.626000 3.964700 10.208500 7.113100 9.981100 6.332900 -0.938300 -6.671000 -3.912700 2.686900 -2.289300 0.818900 -26.841700 -23.174700 -9.218700 -5.393900 -0.677100 
0.118000 6.457900 8.966200 2.523800 5.253500 -5.392700 9.370700 -17.394500 11.181500 9.869700 -5.217400 3.896700 -6.649100 -8.437100 -5.367500 10.783200 -13.243200 -16.823900 -15.091500 -7.224700 -6.192700 -1.478400 
0.120000 6.775000 6.033800 7.740400 12.691800 1.953800 2.917400 -0.817500 7.481300 -8.469600 2.959300 -4.463800 6.156200 -19.199900 -20.630200 -8.450400 -30.688500 -23.864800 -22.105000 -8.581800 -5.011400 1.538600 
0.122000 -1.586700 11.364800 9.086900 12.869500 6.599300 4.596100 10.876700 7.398900 3.653600 9.335700 -10.775500 -8.380100 -3.361900 -1.056200 -7.486100 -7.730400 -24.176400 -16.713600 -10.432200 -1.064800 0.614900 
0.124000 -2.334300 8.352800 6.571700 -2.707200 8.138900 1.909600 5.229600 -2.086300 9.602700 -7.926500 -2.250800 11.846500 -3.620800 5.409600 -5.525000 -42.601600 -16.108500 -17.029700 -16.617500 -2.663000 2.556000 
0.126000 7.817800 -1.037800 2.537600 10.603800 3.493200 -0.519500 8.041500 3.895200 0.063000 4.344700 10.478200 -0.288000 -18.947800 10.890500 -5.014400 -6.306100 -28.547700 -9.012000 -13.287900 -8.313100 -0.798300 
0.128000 4.361800 6.135100 9.754100 11.341700 9.502100 -3.456600 9.347300 3.015500 -1.767000 0.169100 0.440900 3.111100 -9.352500 -20.079300 -23.562300 -5.495200 -34.892500 -23.534100 -8.999800 -8.641700 0.587800 
0.130000 4.845500 11.266400 10.182800 2.481800 6.954500 11.039400 9.700500 8.637100 -6.563400 4.854200 -3.327300 1.043400 -17.931200 -5.946900 3.527300 -9.533300 -3.056700 -16.842400 -1.446500 -2.116600 -0.348500 
0.132000 0.173400 -2.523400 10.111200 9.267500 2.694800 -2.803400 9.584600 1.824800 11.820200 1.993700 -4.798300 -11.772900 6.786000 9.263100 -3.252100 -3.492000 -26.661700 -13.437100 -12.267900 -4.986500 -1.261600 
0.134000 7.146500 -5.760300 9.220100 9.609900 11.771700 -2.929400 0.004300 7.315700 7.772400 -8.566500 3.959500 -3.651800 -28.764500 2.236200 2.253600 -35.475900 -17.922300 -15.095900 -10.937600 -6.289100 -2.056400 
0.136000 2.978100 8.442700 -2.635100 5.271100 7.851200 4.942400 -13.020000 -1.662100 -7.154500 10.070700 7.048800 1.579100 0.999400 -1.414600 -6.205500 -31.866000 -18.179000 -16.041300 -11.673500 -3.871400 0.926500 
0.138000 -3.506800 4.908400 5.424500 3.190400 7.602600 -17.742700 -0.652600 -0.869000 -4.102900 2.615900 10.761100 -6.411500 6.050400 -14.616200 -1.576700 -4.205700 0.338600 -12.351900 -8.477100 -6.010000 -0.084400 
0.140000 10.336700 6.013600 10.972600 1.669200 -1.951900 7.224300 -7.555800 8.589900 11.974100 4.523600 6.424600 -3.952900 0.177900 2.348900 -3.535400 -22.813900 -20.773900 -18.359900 -11.751500 -4.250700 1.170400 
0.142000 4.484400 11.402300 7.401600 8.646200 3.846300 1.239400 2.604300 6.881700 0.262300 -12.866200 5.744700 6.934000 -20.273900 -3.564600 -2.256600 -32.139600 -10.326500 -8.581100 -13.033100 -2.301000 -0.585500 
0.144000 9.614600 7.115200 7.902000 6.769100 7.866900 7.386200 6.805300 9.928100 -7.420600 -4.050400 -2.355700 -2.250600 6.879600 -35.133900 -24.665400 1.400400 -23.762900 -12.680100 -14.513300 -6.305300 -1.010600 
0.146000 1.616100 8.490900 12.069600 3.178000 5.050900 -3.160200 13.041700 12.256600 -1.182600 -4.795900 6.370200 -1.244800 -11.896000 3.083500 -17.391000 -4.147300 -22.339700 -15.144700 -6.027600 -3.270500 1.717500 
0.148000 11.522900 8.532000 -2.439600 9.740100 4.556900 9.795800 8.505900 7.209600 1.324200 5.495100 -4.291700 -3.489900 -18.989700 3.791400 -2.855800 -20.735100 -30.532500 -18.093900 -4.418600 -2.559900 1.413000 
0.150000 4.380000 -0.678800 7.231800 5.333600 9.319700 -0.590000 10.469500 5.720900 5.804000 4.322100 8.230000 9.713500 0.772700 -10.055700 -35.620000 -6.297000 -20.043000 -19.817200 -12.077800 -5.116700 -3.318300 
0.152000 12.147100 0.918700 5.766200 6.208700 -8.181800 11.641800 7.681500 8.827600 2.409500 -3.814300 -3.697500 -2.208100 1.828900 -3.786500 -13.876800 -26.450100 -24.075500 -6.896400 -8.161900 -0.312900 1.379900 
0.154000 11.193000 7.139400 4.419400 7.004400 8.456200 6.282700 4.097900 9.963400 2.969500 -10.306100 0.450500 -29.570300 0.604400 1.459800 0.225200 -18.826300 -24.025900 -21.625500 -11.447800 -5.466700 -1.448800 
0.156000 1.048300 2.286100 8.745000 8.542300 8.054100 5.404000 8.465600 7.152100 8.397900 -8.241900 11.982200 9.833300 -5.206500 -2.637600 -9.414900 -32.200500 -38.753200 -19.321600 -9.711600 -5.219100 0.219900 
0.158000 5.290100 5.952200 8.610100 8.610400 -12.375900 12.869700 10.820300 9.058300 2.539100 2.674200 -1.530200 1.237000 -5.108400 -19.389300 -38.899900 -5.428000 -10.575800 -18.343700 -7.969300 0.064500 -2.189100 
0.160000 10.248400 6.205100 10.112500 5.264900 -5.475100 -11.917100 8.678400 12.648400 4.495000 7.091600 5.316300 -4.987300 -1.868700 -1.957200 -6.806600 -13.567500 -24.595400 -18.830400 2.874600 -4.142300 -1.878100 
0.162000 3.669900 10.581100 -3.884900 11.553600 -9.166600 11.562300 11.640600 -4.765900 7.691500 -3.950300 -19.882400 -6.925000 5.955100 9.321900 -15.855900 -19.071900 -13.439100 -5.634200 -7.101500 -6.277700 -1.966000 
0.164000 5.606300 7.921700 3.509100 -7.741700 10.572000 6.487100 3.194600 1.048000 8.915900 10.057400 6.969100 -4.503900 0.125000 -0.614100 -14.440100 -24.975700 -31.573300 -14.219600 -6.349100 -8.609100 -1.053700 
0.166000 10.893100 3.976900 6.770800 4.890000 7.877800 8.624300 -0.577300 5.537900 8.755500 -7.983600 -5.507600 -1.665700 -22.647900 7.926400 -72.962800 1.324100 -25.583500 -21.582300 -9.384900 -2.009100 3.366200 
0.168000 -5.925900 2.578200 -0.317000 10.425200 5.505000 8.447400 8.600700 5.367700 5.943600 6.242900 -0.412900 -0.763600 -8.167200 2.420100 -19.871300 -22.686600 -18.105200 -20.295400 -16.885300 -2.857100 -0.180100 
0.170000 8.649000 8.854600 -7.564300 9.661000 9.230600 3.384000 7.959200 5.677700 3.573800 12.609900 -7.871300 -8.216800 6.768800 -17.494200 -4.008800 -15.149200 -34.762100 -19.377700 -8.271200 -6.187300 -0.845300 
0.172000 8.007900 6.381900 6.997500 7.699400 12.328800 7.624800 4.032400 10.752800 6.050200 11.489100 -0.231800 8.582900 6.753900 -21.838500 -27.270000 -3.171500 -14.788300 -11.299700 -7.474700 -6.971800 -0.764100 
0.174000 10.526900 8.733900 9.625600 3.099100 11.139200 -8.018600 2.239300 9.814900 8.547800 8.778800 2.002300 10.389500 -7.595000 -9.695900 -29.151700 -8.335500 -21.465100 -24.055600 -9.122700 0.326800 -0.203900 
0.176000 10.991700 -2.618600 3.894400 1.929500 5.312700 7.459800 -10.235800 9.477000 6.569300 -0.907900 -15.638000 4.917400 -2.418600 -0.647200 5.172000 -24.965300 -33.224700 -15.104500 -12.892400 -4.779300 1.898600 
0.178000 -2.809500 9.646600 11.524100 7.338400 3.356200 0.990200 -1.342700 7.441100 6.514600 2.951900 -1.483700 0.320800 -6.739500 -15.247400 3.616700 -21.792900 -17.737400 -3.907800 -12.048300 -5.382700 -0.529100 
0.180000 6.746500 8.255200 9.147200 -5.412200 8.151100 10.412000 4.970200 4.475300 -10.822200 9.631800 3.048800 -4.419000 -0.421600 -9.167700 -1.980100 -27.715700 -23.531900 -21.577200 -9.554200 -4.769700 -3.178100 
0.182000 8.032400 8.621900 7.560200 2.652000 -4.683000 7.309900 10.891800 -22.745400 -2.146500 3.847600 -10.485500 -5.118500 2.838000 -10.324300 -22.828000 -29.566100 -3.231300 -10.821000 -1.053900 2.602400 0.433600 
0.184000 10.883600 -17.853200 -4.297800 11.048400 -7.334200 4.319000 -4.601600 5.995300 12.399000 5.677300 -4.143700 -7.184500 -3.414500 6.174000 -0.560900 -35.981100 -30.150100 -6.814500 -15.064600 -3.233000 0.317900 
0.186000 10.508800 12.050800 2.564100 3.574600 7.960900 9.958700 9.747900 5.301400 7.308400 -0.523000 9.917600 0.008900 -13.064300 0.719900 -14.761800 -11.201800 -24.665400 -20.213800 -14.098900 -2.131700 -0.734300 
0.188000 6.702100 11.534900 8.521500 -9.576700 -5.332700 1.184600 4.416000 7.388400 7.275500 5.792700 3.389400 11.504700 -7.560600 -10.507200 -10.934100 -29.076500 -10.155600 -15.742700 -5.429000 -12.308900 -0.594600 
0.190000 10.740200 12.822700 9.395300 12.249900 9.009900 6.152900 0.848000 5.891800 9.929900 -5.677600 9.026900 -26.697300 7.172800 3.171800 6.353400 -30.099100 -23.631900 -13.660400 -11.336500 -1.000500 1.814000 
0.192000 8.412500 6.132500 8.408100 12.388200 11.068300 1.943400 3.429500 8.605400 1.871900 7.338700 3.923300 4.798800 -14.026800 3.907100 -13.677600 -38.744500 -27.394800 -5.087200 -9.202000 -5.844500 1.113300 
0.194000 8.629300 10.196700 6.105500 6.335700 4.210600 10.659200 -0.620400 -12.740900 -17.032000 -0.646600 -5.529200 -16.736600 2.001600 -1.141800 -20.523300 -1.431300 -25.522900 -25.756100 -4.086700 -1.024800 -1.369200 
0.196000 4.560300 9.446300 3.294500 9.584100 1.238700 1.096700 8.763100 4.866500 4.953100 -0.541500 -4.087200 0.065300 -22.583300 -9.981600 -12.795700 -12.653900 -24.870900 -15.872000 -10.484500 -6.594900 1.599400 
0.198000 9.998200 4.043300 7.262100 10.960300 9.051300 8.133400 10.292600 9.014100 6.431700 1.001600 4.166300 0.406000 -16.427200 2.126300 -2.186800 -17.582000 -3.367500 -13.382900 -6.384100 -8.337600 2.620500 
0.200000 6.287300 -0.656100 8.712000 9.792000 8.864800 7.279500 5.510100 6.769300 4.722000 -0.014600 -0.664800 7.592300 3.981400 -10.417400 -25.183000 -37.870600 -17.966700 -10.056300 -10.518600 -7.633000 1.894100 
0.202000 9.373700 -8.159200 9.122800 9.965700 13.622800 10.361300 8.010900 3.811800 2.668300 -6.233600 6.440100 4.267900 -0.077400 -7.618700 -3.581600 -43.059400 -31.743000 -17.640300 -8.144100 -9.789900 0.798800 
0.204000 6.458300 9.288600 6.103900 12.102000 9.685000 7.748300 -0.058900 4.481500 5.223000 1.040400 5.221000 2.575600 7.836300 -0.253100 -38.879100 -16.163400 -24.623100 -11.788200 -8.346200 -2.308800 -1.201800 
0.206000 1.887000 11.539300 2.295100 5.087200 11.898200 8.027300 4.885900 8.086000 8.106800 5.764300 -25.654900 7.431900 -10.866500 7.751900 0.204900 -14.578800 -4.549000 -21.279600 -13.728100 -6.350200 0.755600 
0.208000 7.609600 -6.394700 10.361300 4.890400 6.387400 10.710100 6.536200 3.655100 -4.061300 3.546600 1.860700 8.193700 -6.441700 8.525300 -9.792600 -1.438300 -24.552800 -15.006000 -7.758000 -5.642600 -0.573600 
0.210000 4.322200 -1.042200 10.668400 4.296500 5.232800 10.171300 -3.381100 7.617900 1.787600 -7.511500 10.310600 1.812100 9.311700 6.611000 -1.282300 -6.187900 -13.503600 -10.822800 -6.630200 -4.631600 5.727700 
0.212000 6.169700 3.265600 11.731700 9.368700 9.717100 7.885900 7.848000 -7.012200 4.271800 10.956900 4.217800 8.638100 -2.425600 -3.189600 -6.765000 -38.162500 -22.408400 -14.618800 -11.581100 -3.279500 1.150800 
0.214000 -0.229200 8.373600 8.994500 7.918200 6.416000 10.529500 1.812400 6.592400 9.729000 9.298400 8.332300 2.183500 3.170700 -13.877700 -20.878400 -7.620100 -2.797300 -19.648700 -10.028100 -3.193800 -0.935100 
0.216000 13.064300 4.748100 9.124000 12.135900 7.279900 11.765700 5.743000 -2.664200 6.630700 2.616200 -2.633300 0.768300 -3.859400 -6.260100 0.441800 -37.795800 -23.294400 -20.364000 -8.438300 -5.050300 2.105600 
0.218000 6.062000 -5.750300 8.824500 7.859200 8.274300 11.027800 6.048500 -11.159200 2.623900 10.393100 1.350400 9.551200 -4.640900 -33.722900 -8.668100 -23.715700 -2.293700 -18.502200 -11.008300 -3.569800 1.479400 
0.220000 3.978600 6.022200 1.588900 7.129200 7.658000 6.933400 9.551600 1.290000 9.933600 -4.151300 0.250000 -8.949000 7.658700 -9.242200 -40.143700 -15.264200 -16.275900 -21.764900 -10.205800 -6.400400 0.508900 
0.222000 4.594300 0.050300 3.257800 0.106700 1.232900 7.264800 0.895400 4.241300 1.482300 7.412000 -2.229100 -26.244800 -6.120700 3.813600 10.204200 -10.024800 -40.003800 -20.658100 -11.530000 -4.436100 -1.601500 
0.224000 13.295200 6.343900 8.982300 8.176200 2.791400 8.762200 9.805000 4.570200 4.174200 10.214700 7.876800 -3.571700 -2.169200 -7.416200 -50.716300 -24.672200 -16.275100 -17.656200 -3.300500 -0.549700 1.721700 
0.226000 4.794300 10.998000 10.770300 6.358900 11.156100 7.809000 7.627800 10.433100 6.370500 3.321500 6.426100 -0.012300 6.101800 0.904900 -15.892100 -17.743500 -27.118400 -13.536100 0.978600 -4.741700 -1.707100 
0.228000 9.968100 4.248600 6.184500 8.804200 12.479400 10.805400 -15.230300 4.652500 1.705500 0.579800 7.459800 3.351500 3.531700 -12.189600 -10.956700 -32.830300 -34.940800 -17.837900 -16.175900 -5.162500 2.440100 
0.230000 9.790100 8.866400 4.629800 11.100800 4.852400 3.582700 9.174000 8.294500 7.210300 6.062900 4.068800 10.007000 7.678500 -7.214600 -2.172100 -5.509200 -17.683500 -17.358300 -9.679600 -6.307900 0.511700 
0.232000 0.554600 1.636800 12.686800 5.500900 13.571300 9.353300 -10.689800 9.389000 2.919900 4.282200 4.075700 -4.478400 9.784500 -12.990200 -15.614100 -15.303500 -11.532800 -13.928600 -8.136100 -7.108100 -1.653900 
0.234000 11.523300 7.428100 5.897400 6.068000 12.641000 -1.311000 12.898700 7.902800 1.557600 -9.258000 4.315200 -1.006400 -10.754400 0.234900 -6.345700 -26.645400 -16.182800 -10.684700 -16.315500 -6.639300 0.150700 
0.236000 2.226000 9.691900 9.628400 3.733100 2.280500 -1.675800 5.245500 -1.004500 1.536200 7.550100 2.668800 2.288100 9.134800 8.782400 -19.162900 -12.846100 -35.873800 -2.299100 -6.806500 -4.729200 1.828900 
0.238000 -3.139700 11.387200 -4.941800 -9.078400 4.087400 8.160600 6.334600 1.322800 -1.139800 5.535100 -1.541200 -9.434300 -24.023700 6.279700 -10.237000 -20.941500 -18.224500 -17.266400 -4.974700 -7.134500 -0.076900 
0.240000 0.282900 1.273500 12.948900 4.738800 7.780100 -3.171000 7.616900 7.569300 8.788400 7.980900 10.670200 -10.161700 -7.074600 -0.262500 -18.324200 -33.524200 -10.775700 -17.104800 -9.821400 -4.138800 1.022900 
0.242000 7.051100 8.196400 10.915700 6.881300 7.291900 8.776100 9.851500 0.085400 8.076400 0.015700 4.856700 1.490800 1.576200 -12.785800 -1.064200 -34.614300 -24.274300 -13.173000 -5.176900 -1.296200 6.366300 
0.244000 10.133200 7.970500 10.829600 5.226500 1.923600 8.004100 3.685600 6.732800 5.978200 6.148400 -1.447700 3.245500 4.649200 -2.573800 -3.759900 -0.297500 -1.741200 -14.140200 -15.498300 -3.217300 -0.626900 
0.246000 4.300000 11.079100 8.967700 12.813500 1.835200 0.295000 -17.738500 1.972100 8.011100 10.848000 3.205800 0.895100 -2.521500 -13.044300 -24.710900 -4.956000 -18.221100 -19.462000 -11.583000 -3.155900 0.436000 
0.248000 6.030000 4.720900 6.901000 6.345300 9.683100 8.115600 5.801700 0.613500 8.572700 -2.439400 -3.506500 7.541000 8.031100 6.208400 -51.337900 -19.198900 -31.192400 -17.083700 -7.919800 -4.774000 0.989100 
0.250000 7.216500 8.855300 10.331800 1.451900 0.079200 7.794000 4.251600 -1.238900 2.742400 7.288200 -2.737000 4.344100 -0.985200 -13.892800 -34.729300 -11.664800 -26.748800 -17.746800 -7.649000 -0.656000 1.622100 
0.252000 7.655600 5.595400 12.070600 -5.497100 5.555900 5.076000 9.216000 9.041500 -0.373300 -16.792500 4.528100 8.311100 4.993600 -14.445700 -28.649800 -15.767200 -18.818600 0.799500 -13.870400 -6.049700 1.843300 
0.254000 -2.462800 8.893200 8.037400 8.825500 5.928600 4.908200 5.011100 4.262200 -1.803800 -15.369400 8.609400 1.879100 -5.307900 -20.665200 -7.473200 -3.242200 -27.772000 0.718200 -11.646900 -2.947800 5.101800 
0.256000 7.459900 -0.717300 1.513200 7.933000 10.170300 6.352600 4.058500 -1.363300 10.032600 -0.620000 2.171200 -1.476900 2.719300 -2.729500 -26.740400 -39.745000 -32.827400 -20.089600 -13.870100 -4.788700 -2.120200 
0.258000 4.608500 1.729300 8.991200 4.672000 4.392400 7.147200 10.084000 6.340600 10.522700 7.098400 12.762800 6.698900 -3.461600 6.365300 1.466900 -15.088100 -7.161300 -18.742700 -3.287200 -4.330500 1.745600 
0.260000 5.925500 6.673100 10.862600 4.923400 12.453200 7.509500 7.196700 4.959600 -0.513200 5.329600 -0.060800 4.943500 -13.488300 -14.173700 -6.080900 -10.332200 -11.960400 -18.926300 -10.201400 -8.330800 1.612200 
0.262000 11.950400 10.439900 10.572100 -1.887500 5.250400 3.735800 -0.243300 -2.760800 5.819800 5.327500 8.108300 -0.667400 -11.877900 -0.360400 3.047300 -27.407600 -28.316800 -21.814700 -14.905400 -4.247200 3.013600 
0.264000 3.919400 7.459800 2.829600 6.806600 -2.536500 -2.186400 8.982400 9.846200 4.285200 2.714000 4.839000 5.158500 0.792400 -12.110100 -26.272800 -8.096800 -16.735400 -2.353000 -12.060300 -5.810400 -0.009300 
0.266000 9.139600 12.098900 9.338100 0.393200 8.366300 8.195800 8.135400 2.616800 -5.723100 9.531600 -1.227100 0.548500 -7.698100 1.476500 -19.398200 -27.068500 -21.649000 -21.540600 -6.810800 -4.179300 1.343300 
0.268000 12.018600 6.456700 -7.236500 8.925600 10.392300 6.087600 2.409500 11.848200 3.902600 6.928600 -5.380900 -2.357800 -7.136100 1.610800 4.026600 -27.043000 -26.134400 -19.311200 -8.101800 -0.782900 4.367900 
0.270000 12.445200 8.447800 1.680300 6.921000 2.417300 1.531400 -2.075400 9.786900 13.018800 3.622700 6.829200 -4.831800 2.315500 -4.913100 0.379300 -43.948600 -20.259300 -9.845200 -16.012500 0.555700 -2.409400 
0.272000 5.886800 4.620000 7.162600 9.537700 3.811800 3.002000 9.534500 1.121900 -1.808700 8.303700 -14.637400 -19.139300 11.133500 -17.861900 -14.602800 -22.879700 -20.243400 -7.970300 -9.374900 -1.565100 5.090600 
0.274000 10.191200 9.417700 6.243800 11.011800 10.943200 7.130100 3.165100 3.185400 9.125200 7.643400 4.119600 -0.381900 -1.320400 -18.445300 5.599400 -26.171400 -4.601500 -13.647000 -7.667000 -5.401800 0.155400 
0.276000 9.812700 12.627900 9.557900 5.857100 1.001300 5.696400 9.268400 6.014500 7.592500 10.412500 5.022300 6.550800 3.131700 3.236400 -17.056100 -10.239700 3.167900 -12.527800 -11.116500 -1.177800 -1.666800 
0.278000 8.059100 12.263900 5.069100 1.793000 7.866400 9.446200 8.126700 -3.428200 4.558600 8.413200 -1.233000 4.256700 5.777900 1.753800 -4.066400 5.641200 -37.062900 -14.707600 -10.176900 -5.098000 -2.285600 
0.280000 9.595500 2.749600 6.862100 7.610000 10.311600 3.432000 10.470200 1.399400 6.741200 4.287800 -4.150200 -22.608200 -4.792900 8.621100 -21.037100 -18.884800 -17.660700 -7.448200 -9.525900 -3.647800 1.724100 
0.282000 0.985400 3.311200 8.508100 8.685500 4.817200 8.528800 10.913100 3.892500 8.408300 -1.601900 6.054100 -9.147300 4.643100 -9.865800 -16.953800 -18.136600 -5.866900 -13.804100 -10.813500 -2.807400 -3.213400 
0.284000 4.865100 8.589100 6.387600 4.210300 9.877600 4.244600 9.109600 1.468700 7.095200 9.872000 5.376300 -2.541500 -7.525200 -8.529900 -25.599500 -8.948400 -34.123400 -11.899200 -11.533600 -2.420800 -1.815900 
0.286000 10.418500 7.297900 -11.421100 -6.678900 11.969900 3.445100 6.451800 10.765500 2.369000 10.044200 5.712700 6.955400 2.512500 -7.733700 -24.880200 -3.489500 -19.796200 -13.542300 -4.880700 -0.525000 1.859000 
0.288000 11.264600 -2.366500 4.540600 6.544500 9.435300 0.957500 -6.773100 6.208300 4.460500 2.867400 -4.206500 3.259800 0.509900 8.563000 -13.086300 -6.386600 -18.509300 -19.713600 -14.057000 -5.411500 -1.614500 
0.290000 1.224300 6.230700 4.968900 8.546800 3.098100 7.510400 3.441200 10.850400 10.310900 2.764100 -2.463800 -20.463400 5.569000 6.419200 -2.304900 2.116400 -25.122100 -23.969200 -9.200200 -3.103700 1.141000 
0.292000 8.907200 -2.129000 9.471100 5.401900 10.339300 11.662900 -5.047100 7.744400 -11.067100 5.514200 -0.340400 2.557600 9.132400 -11.199900 -16.577900 -5.715300 -19.286500 -23.241900 0.354700 -5.510400 -3.376700 
0.294000 9.382100 7.427000 7.050900 7.601100 3.069700 10.926700 -2.284600 -8.757900 -0.745500 -16.526700 -3.523400 -4.030100 -3.371500 -15.972400 10.189900 -22.482000 -8.516400 -19.703500 -12.299400 -5.600000 -0.872400 
0.296000 -4.223000 11.340700 10.967400 0.164400 2.172600 -9.208500 3.032500 13.505900 1.894100 1.271500 9.224100 5.393200 -24.519300 -0.386000 -11.392600 -8.550300 -1.535100 -22.865800 -5.489500 -2.730000 1.711600 
0.298000 -5.245000 12.134900 4.990900 3.608200 2.817100 5.385400 11.341000 -5.137200 -8.765400 -3.498000 8.809200 0.148600 11.570500 4.518100 -15.653700 -26.080200 -6.837400 -16.125000 -9.185800 -7.934300 -2.110100 
0.300000 5.619300 5.403700 4.535400 9.148300 11.026600 0.332300 13.239400 9.701600 2.316300 -3.405900 -11.967900 -17.400600 -20.843400 4.452300 -21.850900 -38.627700 -26.889400 -5.495400 -9.792500 -5.811700 1.694600 
0.302000 7.831000 9.759200 11.860800 13.411800 10.724500 -7.071100 -3.435100 11.425100 4.340400 3.188600 10.514100 -4.298800 5.227400 -4.078100 -12.210800 -33.729100 -25.423900 -5.828900 -16.387100 -7.898800 3.809900 
0.304000 1.399800 11.078300 9.665100 6.433300 6.363100 7.517300 7.066600 8.888600 2.627200 -2.953700 7.647100 -5.944700 4.186300 -29.205600 0.616400 -2.882300 -24.803700 -20.043000 -5.685600 -7.220500 -1.058000 
0.306000 9.455600 10.158100 2.244800 -2.406300 6.547000 0.746900 4.625900 8.816000 1.855400 10.487800 4.373000 3.547300 -6.830400 3.590200 -4.846900 -12.632200 -32.608500 -25.145800 -16.309800 -6.309800 1.499400 
0.308000 11.804400 6.108000 11.074200 12.458400 7.017900 0.999300 8.207300 9.852800 9.944000 -0.488500 4.405000 6.687800 -7.385200 4.877400 -11.582000 -29.830900 -22.274800 -15.136400 -8.539900 -4.969400 2.750100 
0.310000 5.221900 1.146300 -11.779400 9.054600 11.007800 7.540800 10.226100 2.951500 -5.819600 -8.172200 4.892000 2.758400 -2.601700 -45.832100 -25.303600 -8.805000 -21.667300 -13.849900 -14.566400 -5.773700 -0.390800 
0.312000 11.233000 -6.603100 5.091100 7.393200 10.902600 9.553400 -4.152000 2.387300 7.507200 7.153000 10.323200 -24.748100 4.400100 -23.721300 -2.873000 -18.537400 -6.351000 -19.365100 -9.233600 -8.724200 1.443000 
0.314000 8.273500 7.729300 8.225700 6.312400 6.208000 7.413600 -19.665100 9.694400 9.048500 7.495100 8.241100 -4.077400 11.549200 -1.271800 -11.261900 -8.174200 -14.841000 -12.492000 -12.815100 -3.368500 0.539000 
0.316000 6.593300 11.666100 10.242000 4.082800 11.092200 11.636600 -5.298700 3.278300 -1.068600 -2.031200 -7.650000 8.692500 -7.711900 -8.576100 -25.919000 -12.093100 -22.637700 -22.943000 -11.810900 -7.670300 -3.781200 
0.318000 11.708400 -1.650200 8.279400 9.213600 5.784400 6.507900 6.194200 8.010600 2.749500 6.809500 8.639400 0.699300 -11.442100 0.929000 -0.990200 -17.568800 -28.480900 -8.980800 -10.943300 -3.992200 -0.165900 
0.320000 9.838000 8.872300 5.524300 10.162900 11.964400 -10.155000 10.500800 1.801400 8.676500 2.040100 1.023900 7.182600 2.437300 -11.634500 -12.195700 -8.387200 -26.182200 -22.387700 -8.062900 -4.866300 -2.039300 
0.322000 6.015500 3.095900 -0.786300 12.084300 8.985600 3.331200 4.066500 5.143000 7.394900 -4.640100 -6.202200 -35.979100 2.724400 10.472900 -6.665100 -19.647700 -18.587100 -7.724200 -12.661100 -2.183400 -1.297000 
0.324000 -10.311700 6.427700 5.649100 4.049100 12.360400 3.416600 7.194700 -3.566800 9.076800 11.098000 7.218900 -4.909200 -1.073100 -1.203900 -2.419900 0.931900 -16.551200 -14.602200 -11.110400 -4.048300 0.390000 
0.326000 9.736800 11.484000 8.670100 9.638500 0.093700 9.679300 10.646500 11.121400 10.127500 7.183100 9.046700 8.416200 -3.077100 -10.537200 6.691500 -15.395100 -9.640700 -8.820900 -11.958900 -3.642400 0.551500 
0.328000 6.724200 6.009600 9.759200 11.187500 3.895500 13.124700 12.418300 5.159500 8.112800 5.243300 -11.282900 10.011700 -4.629500 -8.032500 -48.620900 -15.332000 2.157500 -22.251200 -5.776200 -7.005000 -3.211900 
0.330000 7.919800 6.711000 6.366100 9.763900 3.778500 -10.975900 8.529900 -3.279000 4.169000 3.200300 9.463900 0.979000 2.012500 6.619000 2.040900 -40.176500 -22.942300 -8.221500 -11.535300 -7.253200 2.586100 
0.332000 10.760600 8.835100 2.310500 6.140500 6.963200 0.371700 4.860100 -21.671300 4.919200 3.160300 -3.774100 -1.309600 7.908200 -22.768100 -7.324000 -32.976600 -2.274500 -23.144900 -10.462100 -9.960300 0.610300 
0.334000 4.780600 12.349700 9.542700 10.148500 -0.098400 7.664500 7.115200 4.536700 5.599800 -1.374500 10.573300 -1.680100 -7.577900 -1.777400 -3.749200 -29.898900 -21.325100 -13.717500 -12.696300 -2.243800 1.957300 
0.336000 12.586900 -1.518600 3.676900 -1.313200 -0.767400 9.828100 9.297200 11.460800 -2.841400 -22.403000 5.540900 3.886900 3.507900 -8.280600 -33.151900 -2.522300 -19.564200 -20.499000 -7.686800 -6.077100 -0.219800 
0.338000 10.453100 9.307300 -12.886300 12.200800 12.110600 1.246300 -9.729900 2.522700 11.385000 -11.207100 4.811000 -12.659500 -2.989200 -18.058400 -21.034400 -29.148700 -23.940100 -20.247100 -1.574200 -3.605000 0.099200 
0.340000 8.772000 8.862200 7.880900 -9.510300 9.090000 -2.384100 9.438900 1.983300 10.179900 -3.251300 6.731500 9.062200 3.398700 5.804800 -21.649700 -26.877400 -19.598300 -12.337200 -4.623200 -7.315800 -2.538400 
0.342000 12.676300 10.578400 4.601500 0.142700 8.298500 5.828800 8.276200 1.713900 4.455000 -3.690700 -7.632500 2.043700 0.347800 8.140200 -28.136800 -20.807700 -17.749100 -18.905700 -17.103500 -2.418600 0.179500 
0.344000 7.728600 7.821500 11.800300 9.078300 7.962000 13.472700 -3.770600 2.195200 4.430100 -4.756300 -10.660000 -0.887000 -2.608800 -3.422600 -25.608100 -21.052700 -26.532600 -18.603100 -13.349600 -2.168800 -0.518300 
0.346000 11.255200 8.831500 9.559400 8.670600 9.576600 10.121600 5.624800 1.552800 -10.163500 8.186300 8.810300 6.426100 -2.887100 -8.496000 5.564500 -17.171800 -1.089900 -10.838200 -10.854900 -8.184000 -0.749200 
0.348000 -3.117700 3.832400 6.423100 7.619300 -3.635900 13.576800 -3.288700 7.229100 1.333900 12.052800 -2.087600 -1.796600 -3.254900 -5.950900 -34.540800 -16.545000 -41.859200 -13.806900 -12.451900 -3.130200 1.146700 
0.350000 2.686200 2.986400 6.610700 7.345600 6.596400 2.997000 4.844400 11.584700 0.165600 12.649900 -8.972600 3.368000 7.672700 -8.565800 -25.240600 -26.567500 -26.095100 -0.220900 -6.390600 -6.089900 1.260400 
0.352000 11.135900 4.606300 11.331900 8.925000 -0.437000 10.600100 -2.634000 2.208700 7.878600 8.826200 7.599400 -2.409500 1.277700 2.269100 0.120200 -4.497300 -16.046000 -15.545500 -9.115000 -4.916200 0.889000 
0.354000 4.566200 11.430000 9.965800 7.394100 0.552900 10.468000 7.834100 -4.011400 2.856000 7.460100 4.760300 0.067800 8.957000 -7.768500 -28.747400 -4.923500 -29.206900 -13.250500 -8.119100 -2.032000 -2.051600 
0.356000 11.195400 -2.981300 -4.118100 10.053800 0.239200 0.334800 -9.103700 0.492600 0.287500 8.793100 -31.220100 11.181000 8.367000 2.238100 1.174000 -32.939300 -20.247000 -16.586700 -14.560500 -5.212400 -1.950300 
0.358000 8.754200 -2.357600 7.392400 9.225000 1.560600 7.761400 6.251100 7.051100 2.864200 -8.397700 -0.247500 -0.025300 -1.333800 -10.991500 0.721400 -29.855500 -16.729100 -21.374500 -13.757200 -4.911300 -0.198500 
0.360000 0.134700 8.362700 -1.722000 10.177300 4.826700 -1.033900 11.027900 2.743000 -2.371500 9.787300 1.802000 -3.454700 -1.288700 -2.310300 -19.835000 -11.412100 -17.854500 -10.374600 -7.510700 -8.352000 -1.638700 
0.362000 10.097200 7.372700 7.663300 10.347400 11.841000 5.266400 -0.203600 6.154500 4.592700 -5.703000 11.212700 -7.942400 -2.026600 -15.851400 -6.172000 -20.540900 -11.852100 -6.458500 -10.721700 -7.082100 0.115800 
0.364000 8.981200 12.391500 -9.068100 0.562300 9.740100 6.942500 4.138300 6.661700 5.571800 7.644600 -19.879000 7.131300 2.959500 2.078800 -35.784400 -15.074300 -33.461800 -20.258700 -7.548400 -6.979800 2.047600 
0.366000 6.118700 6.999700 4.679300 9.503300 0.404600 7.119100 8.877900 -15.943300 6.256100 6.100600 4.575500 5.091100 0.388800 11.587400 1.041400 -7.496900 -14.331800 -24.302000 -8.502800 -7.655100 2.440600 
0.368000 9.622200 12.870000 10.337000 12.463700 7.101600 7.862900 7.003900 8.641800 6.239800 4.646600 -7.636900 -1.235900 2.893300 0.677600 -25.343900 -10.308300 -13.649600 -10.768700 -11.652100 -3.559500 -1.525800 
0.370000 0.256600 10.388900 -5.032800 1.899800 6.965300 1.188800 -2.046600 3.714600 3.871700 1.222900 6.690200 -4.935600 1.028500 0.746700 8.680600 -31.037600 -34.001700 -19.448800 -12.898800 -0.463600 0.556600 
0.372000 7.986800 11.190700 7.734100 -7.384500 7.920500 11.670400 -2.440400 8.094400 1.233700 2.937200 9.659200 3.024100 4.901800 2.774800 8.017800 3.199100 -15.489100 -25.021600 -10.259900 -6.531600 0.035300 
0.374000 11.198200 3.485600 7.803200 10.072100 -20.713600 0.077300 -12.262400 -2.783100 4.053400 -4.569200 1.786100 3.109200 -0.723700 -1.067200 -9.168400 -37.417300 -16.654500 -18.158800 -13.097000 -7.495000 -2.758200 
0.376000 9.949100 10.049300 -3.074800 12.085600 10.024200 7.801000 8.456500 6.654500 -1.487000 -2.468900 6.378800 -6.333800 5.246500 4.720200 -12.102500 -29.700700 -20.002700 -10.570300 -16.690500 -5.267400 -0.854300 
0.378000 -1.641200 2.567000 10.716500 11.594200 6.269900 9.738800 4.352800 10.204700 6.077500 -17.787000 -8.232700 -11.406100 -3.978700 5.353700 4.495100 -14.373200 -17.907200 -11.479800 -6.683300 -6.228000 -1.055700 
0.380000 11.027600 7.506300 -0.019200 9.371000 12.620100 2.904400 0.208600 -3.187100 10.831000 11.166100 0.877400 -10.633100 5.504000 -19.109500 2.532200 -9.448700 -26.668800 -20.039000 -13.985600 -2.368500 1.725100 
0.382000 10.686400 8.547600 4.284700 2.836600 7.357700 8.221700 0.360400 6.194600 4.091500 6.790400 3.715000 10.901700 -7.868700 -20.272600 -13.413800 4.896400 -24.864100 -12.785800 -11.368800 -7.752300 -0.831200 
0.384000 7.768900 -2.518200 2.868600 9.515400 4.776100 -4.085400 9.711300 9.743000 2.987300 -19.804400 2.047100 -1.918000 -41.553100 -7.166400 0.781200 -30.142100 -25.560200 -10.739800 -9.322000 -5.804800 -0.267200 
0.386000 0.377600 5.419000 4.536300 10.884400 8.937100 0.735100 11.285600 13.404700 4.545700 6.844700 7.814800 3.486100 -6.020500 6.204300 -13.492400 -1.153600 -31.027900 -19.676000 -12.952800 -5.574800 -3.009500 
0.388000 10.052900 11.827600 9.061700 2.305600 -2.092100 0.105200 4.975900 10.759000 6.380400 -2.251000 -7.834900 -0.455700 2.920200 -8.620300 -15.575600 -29.353200 -19.303200 -30.616100 -15.153700 -4.186100 0.639000 
0.390000 8.966300 10.929100 5.793100 5.261500 11.196700 10.283400 9.654100 8.762300 5.488700 -8.483100 -0.059300 0.886700 -19.062500 -10.989600 -12.622500 2.254800 -16.345200 -13.472300 -8.697000 -8.056200 -0.245400 
0.392000 4.831900 6.351800 3.638500 6.194200 8.507000 5.521200 3.460700 8.923200 6.835300 1.699100 -2.572900 -2.534200 1.541200 -22.024500 3.287400 -11.425600 4.052200 -18.972300 -14.061400 -5.725900 -2.314800 
0.394000 11.966600 6.799700 9.977300 7.779000 7.215500 8.342300 4.431300 7.799300 4.612900 -1.325700 -8.174200 -4.234900 -4.181700 -1.736800 -7.037700 -19.074900 -17.948800 -16.532600 -6.113000 -5.472600 -2.191600 
0.396000 8.323900 3.669000 2.579600 4.032000 5.143300 2.681400 10.820600 -3.619500 -0.552700 1.963500 3.166000 -6.666400 1.955100 -27.542500 6.723700 -28.369100 -26.429400 -13.917300 -12.428700 -2.618600 0.507300 
0.398000 8.906900 1.509800 7.770600 6.464800 6.941100 2.315400 6.880400 9.503300 -7.322500 -12.157300 9.840700 6.259500 7.509200 -15.062100 -11.491700 -12.476100 -28.571200 -12.880200 -13.647800 -4.021400 1.173300 
0.400000 8.867900 8.765000 6.286400 5.065100 1.860400 3.623100 3.996200 8.572200 8.081200 10.347500 -0.874300 8.449400 3.945200 5.668900 -1.234400 -35.916700 -13.919600 -9.963800 -16.940900 -7.619500 3.095000 
0.402000 5.104500 9.757300 10.454200 -0.082200 1.951500 -3.331500 -2.249100 6.649600 8.925800 5.139700 -2.031900 -10.861200 -3.375700 -58.639100 4.132900 -22.474200 -24.410200 -13.318300 -10.962300 -6.979000 -2.022400 
0.404000 9.635300 0.420900 8.600500 10.392900 8.824500 7.267800 2.942000 2.971200 7.645900 4.310200 1.198100 -25.121200 -5.253600 -9.460400 -18.661400 6.260900 -25.293700 -23.900400 -12.313600 -3.644300 0.337900 
0.406000 10.646400 4.140600 6.343900 2.661200 8.293800 8.169100 -5.904000 7.657100 -0.076100 5.208700 9.011800 3.912600 -3.392000 -11.107700 2.090500 -8.643700 -26.730800 -8.777200 -12.389300 -6.537000 1.969000 
0.408000 6.752700 6.517700 5.340100 -4.665900 12.024400 -6.566200 4.366800 -1.013400 -2.074200 -6.556200 -2.530900 1.698700 -12.295400 -7.331200 -8.961900 -27.813200 -16.666200 -14.299400 -13.155400 -5.409200 1.956400 
0.410000 5.431600 9.075900 7.523400 8.849900 12.653400 5.075900 6.526600 0.649000 10.259800 8.118300 -2.861600 8.859300 -0.490000 8.205700 -12.943600 -8.739000 -13.189000 -3.665400 -10.049700 -4.993900 2.499700 
0.412000 12.643200 9.848200 8.440000 13.209400 3.984000 -1.638400 1.593900 10.248100 5.676800 2.577200 2.855200 9.104700 -8.574900 10.713900 -1.333900 -32.453400 -17.990000 -14.735400 -17.580100 -5.326600 -1.437700 
0.414000 8.556100 11.326200 1.758100 6.779800 0.525600 5.520700 6.332900 11.845500 3.698500 -1.277700 8.746100 -1.041500 -4.472300 8.124400 10.315400 -39.717300 -16.966200 -6.165600 -6.918600 -7.047600 1.077300 
0.416000 5.733900 8.720400 3.238700 8.694800 4.855000 7.371500 13.349900 6.955600 8.909900 0.111900 6.029900 -19.048000 -4.238700 3.712500 -5.624000 -20.273800 -21.826700 -20.337300 -14.235500 -4.279500 2.638100 
0.418000 13.117700 11.386900 -0.725000 5.741500 4.537700 11.311800 1.089500 7.682400 5.811400 -3.870500 8.879000 3.898400 -31.245500 -9.877000 -0.520700 -9.785400 -7.057700 2.796300 -12.327500 -4.447300 -1.771800 
0.420000 4.132800 -4.784200 -2.566500 8.189400 9.702500 6.615900 7.442200 5.133000 3.023500 -8.507600 7.154100 -3.947700 4.181500 0.054000 7.669400 -3.321800 -22.088000 -8.769300 -5.647600 -2.387400 -0.794400 
0.422000 8.500200 -1.343500 6.620800 8.506300 11.125300 5.674600 -0.652900 5.793400 2.815600 -1.710500 -2.923000 -12.289500 4.710200 5.357300 -29.415200 -3.323800 -27.095000 -15.502400 -11.116800 -2.528900 -3.501000 
0.424000 5.955300 5.521200 7.528900 7.494700 3.926800 3.290000 2.938000 1.902700 11.932300 -8.364200 -6.779700 -4.270400 -7.122600 6.068800 -3.638400 -36.649000 -24.390200 3.355800 -6.267100 -2.212700 2.781500 
0.426000 5.016200 5.704100 -1.012200 -4.092800 10.627200 7.094100 11.522500 2.792600 1.149500 -13.678200 1.106400 12.228300 4.292100 9.171600 0.343200 -28.117600 -16.331000 -11.545100 -11.081600 -6.559400 -0.364100 
0.428000 7.332000 7.898100 8.738400 5.671100 4.350100 0.099000 2.684300 11.946200 5.230500 -1.209300 7.612900 0.398400 0.840900 -52.254000 -19.504700 -21.194700 -13.805400 -15.202200 -2.744600 -0.351000 0.277800 
0.430000 4.568600 5.197800 11.966800 3.647300 6.649900 1.374500 1.090500 6.701400 4.486000 0.388300 4.368800 -10.990700 -10.981400 -9.860200 -1.365500 -3.820000 -22.959600 -12.908800 -9.724600 -0.662100 0.675900 
0.432000 4.644000 7.111400 11.221000 3.376000 7.104400 0.908100 -7.026900 11.913500 3.264400 6.775300 1.301700 -6.465700 -12.494200 -12.350500 -3.310600 -9.607100 -22.425800 -19.805100 -11.942500 -3.693700 1.335500 
0.434000 7.479900 1.042000 6.472000 4.747500 -0.614600 -7.465400 8.576700 -0.217900 8.583300 5.083100 6.385800 -27.891100 2.977600 -20.000700 -2.515600 -23.935900 -27.865700 -17.617600 -15.896900 -1.645400 0.987200 
0.436000 3.624000 10.166100 7.708500 -2.177800 -7.880200 2.608700 4.280300 9.350600 7.460100 4.102800 -2.039100 4.591700 10.370300 7.746500 -4.089700 -20.886900 -21.293200 -16.788000 -11.582800 -6.706600 2.134500 
0.438000 9.436900 2.392400 12.880200 3.990600 -6.424900 6.541200 8.129600 -5.544400 0.458300 3.937600 7.817000 -0.416900 -6.788100 -12.658700 -15.068900 -11.450100 -3.644400 -20.637900 -15.486000 -2.218800 -1.515200 
0.440000 7.488100 -0.066000 -0.348300 9.554800 2.518100 10.138500 8.172100 11.854800 8.767000 -0.871000 10.894500 -2.035000 10.547200 -10.860800 -22.888300 -17.013900 -6.457800 -22.680800 -7.366700 -4.222500 -2.031300 
0.442000 8.314100 6.368800 7.078400 0.789100 8.949000 3.280000 9.225900 5.282900 -2.361800 6.810100 -5.706000 -0.277700 -14.249500 2.434100 -2.872300 -29.967600 -21.639300 -13.137700 -14.235200 -7.584300 0.136800 
0.444000 7.211100 5.104200 9.046500 12.290800 10.228600 4.096300 6.895400 4.264700 1.693500 -3.116800 4.057400 -23.830500 1.347800 -4.032500 -24.525900 -19.009900 -23.055000 -20.061300 -12.560800 -7.717900 -0.565300 
0.446000 5.110700 -3.568500 6.527300 11.329300 5.104600 1.648400 6.135100 -1.566400 6.864600 8.891800 6.841400 -7.247600 -1.840700 -8.073600 0.732700 -22.150000 -23.806000 -19.883300 -7.339000 -6.381900 -0.673300 
0.448000 8.157800 9.778800 2.454700 7.047100 8.784800 10.130700 -11.677300 6.685600 7.400000 12.179700 0.443500 -3.292700 -0.142900 -23.460300 -17.388600 -27.820700 -15.737600 -4.035900 -12.590000 -5.889400 0.180300 
0.450000 6.490700 9.377100 7.500600 -0.587200 10.354700 8.649500 -1.734500 1.997300 8.349300 8.690400 3.570200 4.126900 -3.867800 -0.220300 -1.946700 -44.203700 -24.196800 -12.415500 -10.654700 -6.381200 -3.053500 
0.452000 0.534900 -1.746800 7.235800 7.093800 12.198400 11.254000 7.950900 6.380800 4.928700 -1.039300 -3.103300 6.770800 3.810000 0.046600 -11.649800 2.424800 -21.218700 -16.814100 -6.718700 -5.352300 -1.072800 
0.454000 10.419400 11.144000 10.486900 4.087300 5.609600 13.821600 3.927100 9.690600 10.147900 6.970400 3.929400 -13.679200 0.645600 -1.655800 -10.462300 -41.829100 -5.573500 -22.275800 -10.066400 1.804100 -0.638800 
0.456000 8.249200 10.532600 11.459200 6.311600 10.561600 4.277400 3.354300 6.191800 3.399400 0.744300 4.482300 3.500600 1.168600 10.691200 -1.862900 -26.344000 -32.842500 -15.176300 -10.505900 -5.959500 -0.845500 
0.458000 7.615400 3.859500 8.126500 5.080900 11.725700 7.784500 3.381500 10.524800 0.433400 3.031200 5.670000 -5.121000 -0.074800 4.077300 -13.207700 -7.788000 -33.523800 -13.597200 -13.350600 -4.871100 0.233600 
0.460000 11.103400 2.203400 7.428900 6.162000 6.193700 8.482300 7.540000 0.769100 -7.018300 -6.844100 10.825100 5.550000 4.005500 -24.578500 -9.352200 -15.594700 -7.306900 -18.935000 -14.927200 -7.310400 -1.175600 
0.462000 -1.129000 8.946600 3.677500 5.558100 9.518800 2.226700 8.888200 6.899600 11.808300 -8.815300 2.878200 -0.194300 -3.973300 -17.697500 -10.585200 -32.765800 -26.191300 3.092300 -8.646500 -2.248100 0.686500 
0.464000 11.835500 12.527700 2.950200 -1.258500 7.876000 9.387900 8.829900 -0.382900 7.994600 -6.627300 -0.973500 1.422800 4.584900 -24.469400 9.419700 -26.091300 -17.368200 -16.027900 -9.014900 -4.080600 0.053600 
0.466000 9.999600 2.030500 8.857700 5.871000 3.794900 7.019200 -1.445200 0.281800 9.611800 1.884300 -16.708900 2.460100 1.541000 2.537400 -19.247300 -8.056000 1.944100 -17.506200 -12.379400 -3.301200 1.387600 
0.468000 7.214000 9.164200 6.948300 12.729100 8.994000 5.193300 9.048700 7.249600 0.209900 -6.276900 -8.225700 4.450500 -25.931200 -30.020400 8.933200 -20.627600 -12.853500 -10.226000 -7.485300 -8.825200 -0.024600 
0.470000 10.087800 4.850700 7.022700 -0.156800 8.740900 5.096000 5.099200 1.818000 -2.811100 -3.161100 -3.423700 6.224400 -13.255200 -10.758800 -19.620100 -4.630400 -20.725600 -20.111900 -10.750100 -4.257900 0.377700 
0.472000 4.642300 5.081200 9.524200 5.442000 12.033100 8.609100 2.694500 5.122300 -6.022700 8.170000 -2.285700 -9.979900 1.900700 4.154900 -8.896400 -9.590400 -21.460300 -16.691600 -11.921900 -6.404100 -1.032100 
0.474000 8.185500 10.717100 11.563000 -6.657400 11.111600 5.176200 8.097900 9.232900 4.795400 3.513500 -5.826600 8.017700 1.322600 0.488500 -12.931200 -28.412800 -14.612300 -15.038600 -11.361200 -5.735500 -3.083400 
0.476000 -3.220100 8.027300 1.588000 9.735500 8.223600 9.574600 7.457300 -6.747800 -1.035800 2.426300 1.986000 -8.661600 0.998900 3.346500 -8.213900 -44.870800 -22.848200 -8.245700 -13.554500 -5.147200 -1.007200 
0.478000 5.713000 10.544600 7.672500 3.743600 3.007700 11.651800 1.635200 10.457300 4.454600 -5.656200 8.902500 3.744900 -0.224200 -38.170500 1.367200 -13.634700 -29.314000 -23.191700 -6.655100 -4.649000 2.379700 
0.480000 -2.924800 9.559500 3.867800 8.847200 8.790100 8.982600 7.791800 2.869200 2.517900 7.933900 7.854900 2.087200 -22.712400 -19.649100 -5.531100 5.460800 -32.969200 -8.766000 -10.605800 -6.275700 -1.293500 
0.482000 7.095100 7.848600 9.934900 7.999600 6.367400 0.282200 2.987000 -4.130700 10.749600 -0.892000 -11.124000 8.081400 0.034600 -4.202500 -20.762300 -5.474800 -11.968500 -22.055100 -10.747000 -0.319800 -3.887600 
0.484000 8.533700 10.245000 4.381500 9.681500 -10.947300 8.067500 -11.897700 0.754700 0.791200 -1.041300 3.916700 1.714800 2.316000 8.692100 -0.875600 -27.782500 -26.115000 -19.838800 -8.927300 -10.148900 -2.291500 
0.486000 7.741400 10.705700 4.953100 -7.293100 7.799600 2.140700 5.134700 3.833300 8.670500 6.477800 3.504100 -3.624000 -1.243600 0.813700 -6.138300 -35.963000 -29.538800 -10.493700 -12.117900 -3.523600 -0.331200 
0.488000 8.915100 7.332600 10.007300 4.055400 11.643900 6.038100 -0.381500 7.650100 4.776600 5.925000 -4.739300 3.101300 -32.774100 3.959100 -7.720000 -35.812100 -20.641700 -12.722200 -14.028200 -1.880700 1.525200 
0.490000 5.780900 9.045900 -3.328800 9.470500 6.712100 9.940100 1.422300 3.949500 3.202300 9.740800 6.853200 -26.135000 2.286500 -20.944600 -7.790000 3.700300 -22.530900 -14.214800 -7.781700 -2.914300 0.122800 
0.492000 3.015800 11.715100 4.027800 9.323200 2.845300 6.774600 5.007900 9.811500 6.809300 5.666300 -2.219300 7.619900 -19.265600 -18.848500 -12.664500 -41.254600 -25.907500 -14.643100 -12.445600 -5.205300 0.947400 
0.494000 9.901400 -2.902000 7.267900 6.589300 6.669600 -6.289100 -0.668900 -4.959200 8.326700 10.186400 6.821000 4.276900 -13.208400 -5.148200 -5.430200 1.542600 -26.315900 -6.419100 -13.116400 -7.304700 -0.060200 
0.496000 8.513300 8.556200 2.817100 9.798800 10.511600 8.148800 -2.129800 7.565000 5.202500 -12.204500 0.815600 1.003100 -2.974200 -31.737500 4.204300 -12.630600 -36.791300 -20.932600 -8.185700 -4.316900 2.126100 
0.498000 8.382700 10.947100 3.817100 6.969600 12.017500 6.622900 8.132800 9.823200 10.395500 2.610400 0.751100 5.870700 -13.374400 -13.424200 -7.671300 -27.351600 -22.877400 -19.805600 -12.126700 -5.193800 -2.241400 
0.500000 4.723700 9.630100 -2.593600 8.314400 9.452400 1.523500 -3.212100 -0.240400 2.564600 8.373600 -1.526000 8.604700 6.148800 -7.529100 -32.873300 -14.833100 -15.052900 -19.625800 -7.273300 -6.020300 -2.364900 
0.502000 3.297700 10.546900 4.464500 -6.523900 6.647100 -10.094400 3.675600 -7.328600 8.414600 -3.021200 -0.748500 3.540900 -1.221800 1.612800 -28.923600 -12.621700 -3.675500 -9.569700 -16.999600 -5.118500 -1.716800 
0.504000 5.649800 6.526000 6.877800 10.290300 11.842500 2.301300 4.311500 -5.095900 -23.664300 10.779800 -4.551900 -7.697000 -11.333200 -5.076800 -9.883100 -47.324800 -32.936900 -16.121100 -9.091800 -4.732000 0.867800 
0.506000 9.979900 10.423300 11.223400 -13.164300 8.347900 11.921000 8.671900 4.718000 -1.168100 3.504600 -6.853100 -0.693600 -12.344800 -9.292000 -4.180600 -19.721100 -4.575500 -19.139400 -13.013200 -4.833800 -0.640900 
0.508000 10.498400 11.783600 7.750200 7.707800 3.496400 7.695800 8.056500 -3.037800 -0.762200 11.526900 -15.984200 -0.271900 -6.083300 1.683500 -32.251800 -18.372600 -25.491900 -20.892600 -3.053000 -7.123500 -1.052100 
0.510000 5.960600 0.107900 7.759300 6.337200 4.814700 -0.174700 2.919700 7.941700 -3.042700 8.837400 6.854000 0.371800 6.164300 -9.341900 3.414600 -18.082500 -18.183200 -21.462200 -14.281000 -4.929500 -1.203900 
0.512000 7.781300 11.661100 5.313700 5.032500 14.664800 9.152600 2.659600 -3.671900 -2.299400 7.841900 4.035200 9.365700 -0.436100 3.454900 -4.324800 -6.736800 -20.317300 -17.102200 -16.023100 -6.891900 -0.715600 
0.514000 5.981100 10.359200 4.660900 7.673800 1.985400 6.472300 -5.170000 11.228400 13.809000 12.480100 -16.298900 2.721100 5.065600 -31.396400 -7.973400 -38.072700 -11.575800 -7.662000 -6.268100 -1.255700 -1.562300 
0.516000 3.745200 2.990900 0.193000 11.611400 7.453800 7.902600 5.421200 3.268600 -5.924000 9.781000 -9.407700 -4.946600 2.152000 -3.064200 -4.295600 -4.824000 -37.630300 -7.274300 -11.368300 -6.010500 1.265500 
0.518000 1.265500 10.858300 -0.187000 8.050600 4.284700 7.473600 4.244900 0.029900 -0.582400 -4.164200 7.176900 4.140300 0.071600 0.695100 3.592500 -30.119500 -12.628800 -8.621400 -9.805700 2.509200 -0.056700 
0.520000 7.351400 10.524700 11.719600 5.006400 2.656500 5.346800 6.782600 4.617300 -10.777800 7.483700 7.711100 -13.516200 5.832200 -23.394200 -1.881300 -18.145500 -13.259500 -12.947300 -11.771600 -4.708400 1.743000 
0.522000 3.062700 9.924600 -0.688400 6.252100 -16.149200 10.359300 4.881200 7.178100 3.781400 1.353800 4.002000 8.862200 -11.415800 -12.311000 -20.570900 -33.448200 -20.094700 -19.746600 -0.408900 -6.868100 -0.102900 
0.524000 10.272200 8.702400 10.738900 9.484800 0.529200 10.596700 2.740000 -6.462500 -0.945300 8.861000 5.885500 6.398400 -13.184100 -33.684200 -12.607900 -26.983700 -28.402100 -16.523900 -15.752400 -6.189600 -1.186400 
0.526000 1.528800 8.735900 4.931700 1.071400 2.064300 8.651200 1.133200 9.932300 0.757700 7.120600 7.393800 1.612300 -10.462200 -21.575400 -15.503200 -15.177800 -24.404000 -12.649400 -13.396900 -6.931100 1.313700 
0.528000 7.422000 9.501700 10.904100 2.184900 -1.047300 2.975000 12.244600 3.682000 10.932000 6.379500 2.859300 4.703700 -17.079400 -20.456000 -7.694600 -21.364000 1.412100 -13.238000 -12.733400 -6.796300 3.478800 
0.530000 7.682800 -0.535600 9.421000 0.680600 9.050000 0.530200 -4.358900 5.246200 -2.329400 8.557500 1.703400 8.101200 -8.738300 -39.483100 -4.501400 -10.590100 -18.498600 -15.841900 -7.561800 -3.788700 2.593800 
0.532000 8.963900 7.906900 6.788900 11.769100 3.295900 4.823700 -7.155200 -0.037100 -5.755900 8.789600 0.093700 4.791400 -28.992800 -0.684700 5.260000 -23.706800 -23.991700 -14.242100 -10.713200 -8.885000 0.319400 
0.534000 7.276500 6.620600 3.299400 5.645600 6.559600 8.509200 9.949300 1.326500 -6.526000 -1.444100 -2.129800 5.123400 2.849300 3.066600 -28.060200 -19.691600 -27.501100 -16.363600 -6.339300 -6.925900 1.531300 
0.536000 -1.113200 8.432400 5.706200 10.610200 8.174300 5.858600 -2.085200 -3.181600 9.808500 10.337400 -0.274100 -21.907300 0.242000 -5.293800 -0.704100 -2.262200 -20.073900 -8.097500 -7.429000 -7.061600 3.048800 
0.538000 6.692600 7.299600 8.707700 5.048300 7.119300 11.655000 6.394800 -7.584100 4.953900 4.083600 8.850300 -6.893900 1.894800 -6.669100 -2.135900 -2.018600 -21.300200 -19.641000 -9.047900 -4.164900 -1.169000 
0.540000 8.992800 4.526200 2.918000 4.621700 1.732100 4.114400 -1.283700 10.655100 2.442800 8.374000 -2.693900 -6.773200 -1.404200 3.311900 -28.206200 -22.472800 -28.290000 -7.089000 -5.715700 -4.884300 1.607500 
0.542000 -7.122700 3.841700 -0.102800 5.616700 9.169100 11.293800 8.438200 -2.245600 -1.729800 3.599100 11.278100 -19.810200 -13.432600 -14.975600 -20.070400 -25.201500 -23.446200 -14.738500 -0.851600 -4.303200 -1.892400 
0.544000 12.942700 3.371800 5.833500 11.884400 8.445700 11.674100 11.170800 -22.619900 3.129500 3.593200 10.835500 -6.333400 -9.348000 -9.913900 -19.489500 -12.347800 -27.653300 -14.836200 -11.865300 -7.531300 0.195300 
0.546000 10.014600 3.208700 7.576700 8.741500 11.354100 9.799100 4.082900 6.501100 6.266200 8.517700 -21.133400 3.012600 -5.439700 -12.408300 -14.065700 -15.040100 -18.188100 -13.273700 -13.916400 -6.873400 -1.228700 
0.548000 11.017700 8.446300 -0.890900 -2.422800 2.359700 10.247000 -0.729300 4.302300 10.931200 -1.023200 0.474800 3.113900 -27.247500 -2.920100 -11.111600 1.877700 -13.608700 -16.118800 -7.961100 -7.441200 -3.266900 
0.550000 -0.449000 7.286800 11.806200 7.470400 -7.095200 8.018900 -8.650300 -3.291700 -2.076600 6.989000 6.182300 1.655600 6.713900 -1.714500 -8.775600 -13.664800 -12.336700 -12.670400 -6.928700 -7.180300 -0.381100 
0.552000 4.406400 10.090900 9.262700 9.480800 7.328600 9.603100 -1.961500 9.475700 5.628600 5.512400 10.003900 10.134200 -0.050900 1.397700 -15.145300 -39.931900 -13.479800 -18.691200 -8.466400 -4.684100 0.630200 
0.554000 12.576800 9.592500 6.666400 10.548300 7.849300 7.876800 -8.553000 10.963800 4.811200 -9.273500 8.246300 -9.313200 -2.980000 6.542100 -0.933200 -24.305100 -27.712900 -8.025300 -9.022200 -7.466600 0.252300 
0.556000 7.429000 -1.105100 12.266200 8.490400 5.002700 8.427300 -1.365400 7.110000 0.156100 10.331100 2.317300 -2.621300 -4.379700 -1.079700 -20.509900 -16.504000 -11.350700 -18.318500 -4.857100 0.063500 -2.364500 
0.558000 4.537800 8.612100 11.683700 6.351900 8.779700 4.563300 11.729600 2.824200 -1.299900 -2.176400 1.637500 3.800100 0.462700 -0.198700 -10.055700 3.094800 -29.746700 -3.769700 -4.733000 -6.519600 2.362500 
0.560000 10.457900 11.372000 -6.925000 11.778800 8.333800 -6.901400 2.075600 7.386400 -2.201900 -3.957700 -3.167000 -6.460500 -5.718900 -2.006500 -9.931000 -17.229700 -29.097700 -22.948300 -12.325100 -0.956300 -1.513800 
0.562000 8.615900 6.439300 8.119800 8.358300 8.038000 11.170200 7.674700 1.957400 -1.543600 8.734400 -0.736400 -12.721500 2.064000 -7.007100 -8.813000 -13.224000 -34.176400 -17.288600 -4.409600 -7.824400 -0.276700 
0.564000 9.987500 2.416000 6.543500 11.887600 8.792400 1.523300 3.372900 4.055900 11.580500 6.627200 -2.259100 11.080600 2.453600 6.347500 -0.556700 -16.198500 -9.048200 -18.569500 -7.395100 -0.233500 -3.903500 
0.566000 9.751400 8.086500 6.961400 4.826100 11.676500 9.635400 -12.056300 9.621400 2.632700 10.463900 -1.459300 -9.540600 -1.721000 -4.684300 3.367400 -23.691000 -21.002900 1.922900 -4.169000 -4.095200 1.506500 
0.568000 10.583600 6.087000 12.156500 5.571100 9.181900 7.117100 2.351800 8.061400 8.089400 -2.384500 4.510400 -1.989000 -21.949900 -3.891500 -2.916500 -1.177900 -21.897200 -22.513100 -11.416300 -7.014300 -0.731400 
0.570000 1.791900 7.949600 3.044200 10.153900 9.143600 5.412500 5.117500 -9.852500 13.040900 -2.987000 -13.258800 0.552700 3.162900 -2.985800 -13.356200 -16.894000 -17.579100 -22.034000 -8.199600 -5.857600 -3.167000 
0.572000 10.115400 8.459700 7.847100 1.021600 7.039400 7.644000 5.001200 6.665700 -10.695100 3.293600 9.625800 0.727900 4.833600 -4.272900 -3.310600 -9.784800 0.442300 -16.955300 -9.547000 -1.815300 -2.465800 
0.574000 11.366900 8.162300 9.189300 6.005900 5.982400 4.747100 -1.247000 -19.096300 5.924300 9.472000 9.146800 5.951500 5.806900 -11.164000 -16.469500 -7.502500 -16.859800 -12.342700 -4.465600 -1.983200 -1.309600 
0.576000 10.497900 1.233400 11.567300 8.113200 10.937400 7.936000 -4.673000 -7.978400 10.638500 -12.113900 4.308000 3.973000 9.946200 1.488200 -0.575600 -35.825900 -32.679200 -19.110600 -3.930500 -5.616400 -2.048500 
0.578000 4.872500 10.350700 7.058900 9.121900 10.738400 8.931900 3.684700 7.816800 -6.092600 8.517300 10.841500 9.345700 3.460300 -6.332700 -0.478800 -5.174400 -22.209400 -21.278600 -10.878100 -0.869900 4.987200 
0.580000 9.410600 6.454000 9.906800 7.027200 10.054300 10.264300 8.967200 7.937300 1.144500 -22.392600 1.343400 -8.168200 -7.695500 -6.056900 -5.576400 -31.964800 -8.192200 -18.298700 -13.963500 -5.858500 3.002400 
0.582000 7.820100 3.888800 0.277100 1.148200 6.286700 7.041100 2.700600 7.246000 -8.002900 0.918900 8.268000 -14.156400 1.052900 -12.559000 -5.097700 -20.793500 -6.768000 -20.536900 -13.669000 -7.961300 0.294800 
0.584000 0.912700 8.117800 8.939700 8.387500 6.662700 9.903500 9.029800 6.091200 3.625600 -2.441600 10.737800 7.659400 2.530400 3.541600 -19.394700 -31.802600 -26.144400 -8.801500 -13.847400 2.749200 0.471500 
0.586000 6.354800 0.495700 3.046700 4.151900 5.268500 1.814500 9.754500 3.528800 4.533000 -4.730000 -4.303900 6.019100 2.409300 -16.673000 -28.606900 3.433800 -17.724200 -19.309400 -14.919300 -7.009000 0.962300 
0.588000 1.863700 9.107300 -2.997300 10.272200 12.263700 9.784300 11.598400 7.401900 4.539500 -16.857300 5.710300 -2.471400 -9.284600 -10.809300 -24.250900 -20.010500 -16.367600 -4.298500 -1.087500 -4.999600 -2.203400 
0.590000 4.895000 2.455600 -1.554200 8.077800 0.989800 5.795700 11.365600 5.153000 0.193100 -1.974200 -9.809600 5.053800 -9.380800 7.707800 -9.512100 -3.304700 -24.093200 -5.968100 -13.487700 -3.789800 -0.087400 
0.592000 10.464000 5.034000 11.070100 8.913300 6.139800 4.020800 11.084100 2.214100 12.874300 11.564800 6.262400 9.253800 -7.143600 -5.516900 -20.193800 -1.506300 -21.823400 -12.531400 -12.729900 -6.499400 0.142200 
0.594000 0.601000 8.503000 3.300600 0.951500 11.351800 -0.730700 -1.203000 6.434700 8.062500 2.904400 10.297400 1.887600 -2.914100 7.870800 -24.517200 -16.348700 -13.967800 -12.744500 -12.407900 -4.988700 1.134100 
0.596000 -2.965900 11.848500 7.075500 -0.864500 4.259100 5.510000 8.159900 6.970000 -4.704100 2.670800 6.219100 6.919900 1.531700 -1.383000 -6.188800 -34.051900 -24.677100 -6.132000 -7.502600 -1.522200 1.449900 
0.598000 9.023600 -6.288600 -1.593200 7.143900 2.932200 9.809200 2.927900 10.394100 7.994100 5.518100 2.050900 -1.543600 0.190800 -11.577400 -7.027300 -7.167200 -7.500300 -7.133500 -9.712100 -7.464900 0.294700 
0.600000 6.182900 10.705300 4.853100 12.907200 1.106400 3.083600 10.160600 -3.016800 1.599200 9.365000 9.423200 4.987500 -4.854400 5.537700 -6.016000 -14.173600 -23.218600 -14.216800 -12.113700 -5.695200 -0.093200 
0.602000 -3.986700 7.522500 0.913300 10.394800 7.233900 11.813700 4.389700 0.027200 1.162200 -3.363300 -0.915700 1.093200 -18.850500 -7.357800 3.519000 1.674000 -19.357500 -19.732400 -8.972700 -5.640800 1.398100 
0.604000 10.394500 -0.883600 3.888200 11.080100 7.139500 5.200700 8.425900 0.845900 12.382800 7.500900 5.684600 5.882700 5.324700 -2.825600 -11.232600 0.003500 -4.458200 -24.433300 -11.041200 -3.917900 1.291600 
0.606000 5.933500 7.204500 -7.009000 12.684700 -1.567300 12.865400 9.695000 -3.136500 6.622700 1.856000 -3.144000 1.720300 0.473900 -6.245800 4.575000 -32.988600 -17.973300 -17.356200 -14.693500 -3.065600 0.540300 
0.608000 8.238900 -5.300200 -0.145600 8.204600 3.070400 3.674700 2.354200 7.036700 6.713500 9.899100 -0.475300 -1.663800 5.997300 -8.773200 -11.362600 -7.868700 -26.213000 -17.098100 -8.673600 -8.158000 0.631600 
0.610000 7.945900 10.128600 -0.529400 -0.407700 -0.473200 11.941500 10.013400 2.485400 0.651100 -0.745700 -2.377600 -0.423300 -8.691800 0.792200 -0.220200 -23.037800 2.270100 -21.262800 -13.753100 -5.603300 1.414500 
0.612000 1.455500 6.245000 5.879200 3.269300 10.150400 8.918300 5.795800 7.864500 2.329800 -0.534300 6.552900 0.432300 6.089000 -2.081400 -19.782900 -23.197200 -24.862300 -16.202100 -7.957900 -9.488800 -2.058800 
0.614000 4.265700 -4.796300 6.727100 11.004300 -7.428600 8.116800 2.861100 -1.099500 -15.394300 3.359800 5.476600 1.878200 -1.296000 6.145100 -4.803900 -22.469100 -22.550800 -14.710200 -5.699000 -0.082500 -1.629200 
0.616000 10.716500 13.654900 12.775700 6.610800 5.072500 -0.530800 -0.654100 5.622700 1.997400 1.399800 -0.065900 -6.650700 7.700400 8.569500 6.073700 -22.963600 -26.104500 4.752600 -13.485300 -1.969400 0.007200 
0.618000 11.130300 1.974300 11.540700 9.457700 10.251600 -20.523000 7.976400 1.406400 8.001300 11.569800 -3.968200 5.885100 -9.134200 7.359200 -3.223500 -15.380800 -15.823000 -20.117900 -17.459400 -5.466800 4.422100 
0.620000 -2.163000 6.725700 10.021500 10.640600 10.429100 7.380200 9.084100 4.774200 -4.080900 3.839500 9.902100 -10.312200 -3.352200 -4.794500 -23.372700 4.678700 -16.744500 -23.239800 -10.716300 -2.666400 1.633600 
0.622000 9.141600 7.818200 6.129900 7.980900 2.475600 3.573800 -4.318200 13.171900 6.733600 3.855400 9.161600 0.667100 -11.892700 3.451900 -7.037300 -1.941200 -19.957800 -19.688400 -9.048700 -6.162700 -0.191000 
0.624000 11.258500 11.933700 7.377800 -0.950100 3.369900 7.254700 -6.948100 -14.354100 -2.534600 10.181600 -8.575200 -3.520900 4.807200 -7.884600 1.135100 -2.572400 -26.504200 -16.818500 -6.807400 -4.998500 0.005700 
0.626000 11.730800 8.322100 4.822200 8.959900 11.909300 5.271000 5.627700 11.149600 1.414100 5.708100 3.437500 8.817700 -2.994200 -9.682500 6.542400 -14.984500 -28.791800 -15.610200 -1.461600 -7.437400 3.200600 
0.628000 8.456200 5.237400 6.282400 9.774700 5.549900 -3.041600 4.164900 -2.501000 -2.130400 8.528900 8.447600 -3.076500 -2.918400 6.666700 -46.192400 -37.549900 -15.225700 -9.674400 -6.386300 -2.021100 0.687500 
0.630000 11.788100 9.428000 0.882700 8.452300 7.683100 5.730500 7.615200 -14.721600 -1.580000 -2.320800 -3.580800 6.554800 -10.998400 -7.179200 -2.546500 -26.824300 -17.835500 -18.128600 -16.542400 -7.918300 -1.796000 
0.632000 5.689700 -0.383500 -4.609400 5.402100 7.232200 3.266800 9.484000 9.061100 8.303000 2.818000 -11.693500 -4.066200 -15.948600 6.429900 2.743200 -33.724400 -9.214000 -14.416500 -9.969000 -4.428300 0.614200 
0.634000 2.163400 1.290600 5.295200 4.147500 7.998600 -3.585000 10.343800 8.548100 2.527100 -6.617700 4.200600 -7.812900 -9.997500 5.400500 -9.260200 -2.333500 -24.793500 -21.132600 -10.353500 -5.173200 -2.176400 
0.636000 8.564900 -2.680900 9.527800 3.643800 -5.051600 9.270200 -5.520600 6.839800 9.947800 2.183400 -4.923800 2.984000 -6.646300 -33.285000 -5.747700 -23.120000 -23.819100 -21.092900 -11.537100 -7.699900 1.698500 
0.638000 5.932900 8.218100 9.353100 9.904200 8.487100 3.174100 8.596400 10.329600 -11.498300 -3.223300 -9.537400 8.719700 -21.135600 -18.336800 2.474900 -23.707800 -30.086300 -19.999100 -7.686500 -5.393400 0.430400 
0.640000 1.747200 -1.411700 6.145200 9.108300 1.911100 11.975300 7.190600 6.201500 9.744800 5.163600 -3.212500 -4.860200 7.958600 -22.697900 -28.239800 -18.565900 -23.475500 -13.426500 -11.800400 -3.776200 2.102100 
0.642000 11.669000 6.840500 4.852600 6.312400 8.007300 6.051100 7.933100 0.750600 -4.776800 8.701000 5.888300 -2.144300 -2.445000 -45.800600 2.498000 -8.729600 -20.620600 -3.579200 -5.554100 -2.566600 2.633400 
0.644000 -0.680100 6.679100 12.377400 11.893000 4.689400 2.568900 3.261100 6.657900 -19.529300 -8.737900 -1.752300 6.507000 -0.291600 1.929600 -44.981600 -3.268300 -23.332400 -7.688200 -13.299400 -1.378500 4.789600 
0.646000 2.760800 10.062800 6.395200 -5.441500 -8.854500 7.839600 5.557700 -0.893700 5.862000 10.375000 6.200300 -8.549100 9.456700 -54.442600 9.469500 -31.868700 -21.576900 -14.293300 -11.536700 -5.619300 -1.140400 
0.648000 3.508900 12.161100 -13.991100 2.994200 9.492400 5.040300 7.018800 6.503000 9.032700 8.407100 -5.189000 1.035400 -6.168100 -13.906200 -21.238400 -22.034700 -25.381700 -18.985900 -11.376200 -0.913000 1.751000 
0.650000 4.573500 10.897400 8.557900 9.093200 11.729400 5.233000 10.808900 7.846500 6.739700 12.104500 -6.865300 -3.577700 0.134000 -9.151500 -14.482900 -30.827500 -26.737700 -20.283300 -10.655000 -7.248600 -1.142500 
0.652000 12.650300 11.011900 7.348600 13.208000 4.317700 1.867700 0.370000 4.200900 10.835600 -2.985300 -6.715100 -1.549800 9.509200 -0.146800 -1.947800 -26.904600 -28.201900 -12.067100 -14.712800 -5.201300 -1.008400 
0.654000 9.971100 4.519200 7.211400 9.494700 3.794500 1.742500 2.625500 0.943000 3.564000 7.006900 -8.151700 3.567500 -4.792400 4.987100 8.408000 -26.230100 -10.009700 -19.387400 -12.005600 -7.732700 0.889100 
0.656000 10.010800 4.060200 11.549700 9.418400 0.866300 8.738200 7.422100 -9.589800 7.079800 3.248200 5.107100 3.767000 -4.180600 0.339000 -27.243100 -32.270600 -13.487800 -17.989000 -9.238200 -2.869800 -1.759200 
0.658000 7.549700 2.146100 9.741400 9.375000 0.308000 4.536500 -0.984700 8.433200 13.097300 4.929700 -4.086000 4.940900 -4.441800 -13.494000 -3.882100 -3.633300 -25.065400 -17.252500 -11.694800 -0.426500 -1.450800 
0.660000 3.172500 3.028500 0.389700 7.352800 -0.263500 10.688700 6.095100 0.802300 5.886400 0.018400 -7.265400 2.627700 -10.443300 -10.278600 -60.177800 -26.756900 -6.033300 -17.430800 -6.291900 -2.188700 0.643200 
0.662000 0.336700 7.634600 6.778800 -2.464200 12.098700 6.410500 2.810700 2.139000 -8.543900 8.773500 4.147000 -16.888100 1.800300 -6.073800 -23.327800 -27.709000 -23.008400 -12.955200 -11.025300 -5.582200 -0.322200 
0.664000 8.674100 8.760100 8.295500 -5.137500 10.671600 11.028000 8.024300 -3.024000 11.809500 -15.673600 7.598800 12.149600 -2.421800 -10.375400 -7.952800 -28.594600 -3.961800 -0.691700 -10.968200 -6.441400 0.898700 
0.666000 8.673400 6.326100 10.838200 -19.438800 1.820300 3.658700 9.326700 0.552600 3.593400 1.596600 4.274900 4.485100 11.712400 -17.716600 -54.026900 -28.161900 -6.765600 -21.434600 -10.915100 -6.327400 -1.010300 
0.668000 2.579800 2.669500 5.150600 1.649800 6.465000 6.798600 -4.021600 3.414200 9.465900 2.440700 -0.972300 -0.710400 -4.868600 -10.150700 -40.451800 -31.776400 -33.801900 -19.019800 -13.117400 -0.360800 -2.376900 
0.670000 6.466100 7.313200 8.185500 -11.300300 12.780900 10.881200 10.341900 3.326000 -6.394400 -3.510600 5.734300 4.848900 0.277200 -2.518500 1.174700 -20.128900 -22.253800 -21.110600 -9.231000 -4.482300 -0.949700 
0.672000 6.550100 6.887000 8.801000 5.499100 -7.322800 6.055600 4.895200 9.525100 7.558500 2.122400 10.087100 -10.222400 0.595900 -29.454700 -31.425500 -16.509100 -17.464300 -16.850400 -6.607200 -7.527300 1.950000 
0.674000 4.593000 1.156600 9.792300 7.102300 7.697100 8.863000 2.202000 5.844700 3.003800 -19.120700 -10.891600 -1.102200 -20.270900 4.680500 -25.573300 -15.239200 -16.332600 -21.723200 4.503900 -1.749400 0.460400 
0.676000 10.000200 9.582600 8.411300 0.917400 5.665400 0.983500 2.520600 -1.853100 3.730100 9.159200 7.631000 9.215700 -4.499500 -4.345700 -5.258500 -10.490600 -17.893200 -14.006100 -2.856200 -0.884200 -1.000100 
0.678000 8.896300 9.806900 0.086100 4.892000 4.445700 3.110300 -9.643000 -10.411600 2.074700 -0.286100 -9.507200 -8.805000 -4.118000 -20.795600 6.886500 -37.296000 -8.881900 -19.518400 -13.288100 -2.536600 -3.047800 
0.680000 6.774400 8.214700 11.054900 13.018600 7.741200 -4.856100 9.962200 -2.409800 2.131300 0.524300 -0.971100 -11.949200 11.285500 0.086900 -6.519500 -19.246300 -18.876500 -20.493300 -16.282900 -11.904300 0.317200 
0.682000 6.675400 4.731500 10.460000 0.725900 8.022100 8.241400 8.474500 1.927000 9.052500 1.985400 -8.415300 5.554800 -11.183100 7.006700 -7.493400 -13.549900 -14.863900 -18.026400 -1.474300 -4.392100 -2.825600 
0.684000 8.954700 4.989500 -3.282400 3.824100 9.244800 11.122100 4.780400 -0.021500 11.474700 8.168600 1.211600 1.548600 -14.187100 -9.557400 -31.753800 -31.821300 -28.434100 -16.773100 -11.485000 -5.910900 -0.464700 
0.686000 7.898900 10.073200 9.728200 12.178300 8.335600 3.090600 -15.890300 7.616000 4.435700 -8.660700 6.814200 -4.702500 -1.530000 -1.835600 -22.932000 -24.367200 -27.649500 -14.368700 -1.032800 -2.882300 -2.968800 
0.688000 2.234800 10.634100 9.564900 4.351700 6.562000 5.881900 7.366800 -0.667600 3.087300 2.817100 0.448000 1.863200 0.044200 -13.209500 4.786200 -10.684900 -13.288000 -3.757200 1.494200 -9.082200 1.733500 
0.690000 12.847100 9.631600 3.598600 11.280200 9.432000 9.322500 9.676300 8.642500 2.402700 7.932800 2.290600 -6.091900 -2.130100 1.853200 -11.288400 -2.476200 -23.182700 -20.912600 -6.999800 -4.074500 2.707300 
0.692000 8.067100 8.384300 -0.128300 10.138500 5.405400 9.942800 10.794400 4.095300 9.500800 8.254700 6.580700 -0.968900 -4.896700 -18.024800 -15.057000 -28.893500 -13.682400 -8.990200 -5.834600 1.030700 0.651900 
0.694000 2.798600 5.949300 5.892600 11.134000 11.320500 2.754000 10.121000 -1.997700 2.258000 1.341300 -8.300200 0.922100 -7.074100 -12.522800 -13.452100 -20.172800 -16.871500 -17.502200 -8.790500 -4.565500 -1.768500 
0.696000 10.322500 4.896200 11.178500 10.843600 8.176700 5.211100 11.166300 1.914200 -6.764500 -10.708500 0.702600 6.251300 -5.115600 -31.449800 -0.784200 -7.722700 -21.245600 -13.342400 -9.535500 -5.277100 -0.041500 
0.698000 2.709700 -1.102700 -13.163300 5.872400 5.825300 2.511700 -0.782900 6.102000 9.528800 4.582200 11.271400 4.360600 2.886700 -9.936200 -14.072100 -14.698000 -16.859500 -14.296500 -6.852400 1.183800 -1.360200 
0.700000 9.306900 -1.407000 6.243500 -11.903900 8.564500 1.769300 4.210300 9.562600 5.249500 -3.049400 5.274800 -8.292900 -1.195100 3.160800 -4.496600 -43.032400 -21.780900 -20.094600 -8.249100 -3.895800 2.218800 
0.702000 7.447400 5.139300 9.121800 9.210400 10.915600 2.154300 -7.296000 6.437900 -3.673900 9.180000 -4.023200 -0.056500 -8.030700 -14.867400 -28.940500 -10.482400 -26.383100 -14.793000 -7.420800 -5.397100 -3.467800 
0.704000 12.060100 8.448300 9.647400 9.291400 9.998800 -8.681300 6.764700 11.482800 4.683400 8.232100 1.900000 4.143100 -8.948700 -4.050700 5.869800 -5.193200 -30.839600 -21.416000 -13.277400 -3.322000 1.260400 
0.706000 8.724800 9.125700 3.443800 6.764400 4.042800 5.730400 8.611800 -2.637900 7.402300 5.450000 4.354300 0.120600 -6.841800 0.108100 6.295300 -14.756100 -21.747100 -23.283500 -16.426000 -6.767900 4.471100 
0.708000 8.026000 3.359400 12.639500 7.712300 10.101100 -3.278300 3.584800 10.404700 8.578800 -1.035900 2.814900 -3.094100 -9.551300 7.415300 -20.443100 -37.790700 -1.519000 -18.148800 -6.008400 -5.668200 0.949200 
0.710000 12.646800 7.579300 9.668300 10.111400 8.177500 7.123100 11.825300 10.483100 4.828900 -3.576300 6.138800 -2.482000 0.034000 10.202800 -21.453200 -34.132700 -4.977600 -11.055000 -13.810000 -2.518200 -1.482700 
0.712000 10.245400 3.525400 1.481100 7.563900 9.639700 7.160300 -9.147400 9.834800 3.508300 6.285300 8.163500 1.979600 -2.913700 -36.974000 -9.052000 -16.875000 -33.423300 -19.824600 -8.598500 -5.448300 1.089800 
0.714000 7.964000 9.554700 5.570100 -4.229100 2.879700 9.813900 8.431400 2.379700 8.360300 5.629900 -4.281400 4.218500 -4.868200 -17.465800 -37.428500 -27.449400 -18.188500 -23.261900 -11.635800 1.294700 -0.250900 
0.716000 4.359900 12.019300 7.310300 7.208300 10.241400 12.457200 8.099000 1.977800 7.034700 9.814800 3.962600 -1.306000 5.786600 -13.276400 -13.294000 -21.376800 -34.723000 -11.198000 -4.987400 -8.580300 -2.307800 
0.718000 11.094700 9.993000 5.976900 4.630000 8.052800 9.582700 -9.318700 7.418500 9.123800 7.930900 -8.009500 -26.759900 -1.694200 4.658100 -2.916500 -11.960800 -34.883200 -6.308600 -16.612000 -3.794500 1.907000 
0.720000 2.828100 6.598700 6.607700 1.357100 -0.950500 9.123300 1.972700 6.484300 6.322400 8.297800 -4.256400 -10.417300 -5.403300 5.883000 -22.298000 -3.112400 -37.132500 -16.908500 -8.578400 -5.607900 0.829500 
0.722000 7.802100 7.278400 6.036400 7.735400 12.733100 0.353500 10.855800 6.990200 -0.839800 4.976100 5.296200 7.877900 8.594000 -11.788900 -20.190200 -7.484800 -25.590700 -12.393100 -14.173200 -4.609200 1.984000 
0.724000 7.796400 10.128900 -5.228900 8.775200 8.408500 -0.117400 9.872300 3.431200 3.076900 0.808100 8.414600 -2.333300 3.841600 -5.589300 -16.572800 -9.156900 -18.363600 -13.710500 -9.837400 -5.394900 -0.262700 
0.726000 2.498400 6.522200 7.806200 4.810200 6.633300 11.263300 0.409000 7.538900 7.906800 2.997700 -7.272200 7.919200 -7.863500 -10.518300 -5.860600 -27.681600 -16.433100 -9.555700 -9.248900 -2.164900 -1.403500 
0.728000 8.149200 3.709400 4.745900 13.113400 3.395800 11.623000 2.385600 5.071800 10.415000 5.511800 5.703000 0.626200 -1.865400 -1.587000 -9.787200 -17.933800 -19.662700 -23.820400 -11.147700 -7.698600 -0.863600 
0.730000 1.446100 9.757100 5.197700 1.775800 9.991600 10.296400 7.877200 4.703900 3.926500 2.128900 1.607800 -22.325000 2.957200 -32.125900 -1.896700 12.595200 -27.922900 -5.678800 -9.481400 -7.825900 0.710300 
0.732000 9.682700 6.769900 2.203800 3.466100 8.829600 1.810200 11.788600 7.921900 -2.537300 -3.770600 8.561600 1.772700 -0.920000 5.857400 -1.894200 -50.729700 -28.597900 -16.015100 -14.765600 -7.965500 -1.788200 
0.734000 5.164700 8.383800 9.287800 10.050300 6.936200 11.012300 -10.775500 -6.313500 -10.417400 9.341100 11.950900 -20.255000 5.340100 1.524900 -5.971500 -12.695500 -31.177700 -6.853500 -10.924500 -5.696100 1.270000 
0.736000 6.882800 8.362500 7.004900 11.420500 12.063300 -5.406100 9.894500 -5.854800 5.839600 -0.215900 -6.060400 3.855700 3.480200 3.193200 4.221500 -21.130800 -7.049700 -12.948400 -4.181900 -2.998600 -0.545000 
0.738000 7.043000 5.400700 7.433000 2.588800 9.659400 9.546000 9.688400 4.483800 7.701600 4.499700 5.106900 -6.810300 -23.089200 -14.011000 -9.641200 -27.136300 -8.568000 -8.390800 -15.032900 -0.935300 -2.270100 
0.740000 -1.875900 9.888900 5.552700 4.393500 4.122200 9.079500 -4.441500 8.938500 5.783400 4.808300 9.290800 -42.675500 -6.388200 -14.554700 -52.157000 -19.470900 -31.829200 -28.587100 -8.739600 -5.862400 -1.233600 
0.742000 -0.704900 11.515900 -1.477900 9.534900 -2.315300 0.836000 7.285100 0.680800 8.286200 0.237100 1.742600 -13.937200 -2.751400 0.066500 -11.589500 -11.200400 -20.039100 -15.405100 -13.227600 -5.813100 -1.630500 
0.744000 6.673800 -10.479700 -6.294900 6.648900 1.573300 5.521700 3.827800 11.036400 -1.331800 9.814900 -5.187800 -14.282800 -8.899900 -4.437000 -0.174700 -8.456200 -21.920600 -2.962700 -9.118900 -4.442600 -3.290600 
0.746000 7.711200 9.016400 7.538700 7.127600 8.027500 8.348400 9.559300 -2.925700 -6.540700 -6.871700 4.293800 1.858500 -5.395800 2.479000 -8.521200 -32.336400 -15.883700 -17.373600 -2.655300 -3.784600 -1.408900 
0.748000 8.070800 13.999000 -1.970400 9.105500 5.630000 0.576900 -0.798700 5.847100 5.764800 8.289000 6.385200 -0.446300 -2.265800 5.674500 7.842600 -17.447400 -19.638300 -21.040800 -13.026200 -4.116100 1.655700 
0.750000 0.832100 9.516200 10.219200 6.444000 -0.744000 -4.520000 12.639100 7.565600 12.929100 -5.573900 -6.477000 1.958300 -3.090600 -10.920400 -52.926700 -23.062800 -7.708500 -20.989400 -6.839500 3.603500 -1.133700 
0.752000 9.142700 2.442200 2.977200 6.222300 12.209700 8.494900 0.663700 9.122600 -0.347400 8.372600 4.111000 -1.523900 8.800800 -7.947200 -24.086200 -21.115300 -27.679800 -16.567300 -11.105700 -0.967200 -2.520500 
0.754000 10.375600 6.565800 7.965600 9.709800 -4.721000 5.339300 7.623600 6.481300 11.990200 1.505000 0.717900 10.566200 9.896500 -1.703400 -0.537600 -18.860100 -21.627600 -11.927700 -8.419700 -6.696600 -1.537800 
0.756000 6.454200 11.868300 8.444000 3.518900 0.637800 10.151900 5.343900 -6.188700 4.567400 3.669300 7.160900 -0.080000 -14.916600 0.761100 0.977800 -18.277300 -16.437300 -16.623200 -7.921400 -0.443300 3.741200 
0.758000 3.690000 1.823500 10.452600 5.590400 7.233900 3.562900 6.398800 -0.355000 7.746700 6.215300 0.168500 -14.075000 -5.841200 2.477600 12.621300 -28.322300 -28.577100 -11.734300 -7.274000 -5.972600 1.820100 
0.760000 9.905700 5.362100 5.261200 4.121300 6.411600 6.179300 6.182600 8.790000 0.762900 2.065300 -0.491800 5.270300 8.628000 -24.825400 -8.053600 -2.023900 -8.576600 -21.839400 -4.670700 -5.270500 1.318900 
0.762000 9.925900 7.203300 9.698000 9.777800 -5.832100 4.097100 6.605600 7.230200 -2.407900 -2.415900 -3.699000 -0.886900 1.340000 -6.348600 4.334200 -26.055400 -23.818800 2.069300 -10.181200 -5.753000 -0.868400 
0.764000 8.588400 9.201600 8.434000 2.837800 7.421300 -0.939600 -4.337700 2.553600 0.056500 7.491800 3.828100 -4.061200 -8.439100 -0.091900 3.945700 -11.199500 -32.627500 0.435200 -15.679800 -3.069000 -3.325200 
0.766000 -0.043200 6.073100 7.913000 11.321000 11.498100 9.357100 5.475100 7.564000 -0.470100 8.636800 -14.688500 2.317100 5.203500 -5.188500 -18.544400 -17.316400 -16.020000 -19.024800 -14.203100 0.639500 0.790400 
0.768000 3.456200 4.179900 9.486900 5.683000 7.675500 2.341900 3.815200 3.863700 2.236500 -5.070200 5.776100 6.141700 -5.296500 -1.888600 -35.911800 -7.706100 -8.004200 -8.185800 -10.370100 -5.378000 4.171300 
0.770000 10.064200 7.365300 10.282800 4.658400 11.065900 13.332900 9.125100 8.188100 4.399700 9.089900 -27.003500 1.793800 -1.191600 -10.837500 -29.701800 -20.467900 -16.062300 -16.032800 -4.398000 -5.008000 -0.802000 
0.772000 9.502200 10.956100 11.795700 3.017200 10.776200 9.243400 11.644900 8.123500 7.000500 -2.662400 5.720700 0.118800 0.882400 -17.030200 -6.169600 -14.682600 -1.267200 -13.866700 -8.192000 -5.236400 -0.399700 
0.774000 2.747300 8.900900 6.849700 7.598600 4.672900 5.318400 7.790000 -1.353000 7.020300 3.760400 -25.328000 10.445300 -20.248500 -28.546500 -11.282100 -31.025000 -29.593900 -3.916500 -9.190900 -0.112200 3.265100 
0.776000 12.137800 6.041100 10.365000 4.209100 11.821000 1.133800 -2.964200 6.714200 2.979200 4.459700 12.099200 2.964900 -3.648700 -11.063800 -6.276400 -15.002800 -4.700000 -22.800700 -9.381100 -4.587400 1.007600 
0.778000 9.235300 -0.512500 4.760200 10.161900 10.716100 10.706300 8.661800 9.552000 1.675800 11.202300 -0.730500 5.460900 4.382300 -19.540200 -17.631100 -31.339000 -15.117000 -7.159200 -11.761500 -1.377000 2.085000 
0.780000 3.417100 5.287400 0.147600 9.573200 9.509800 7.653600 5.459500 -0.096100 2.723200 -0.892300 3.610600 -2.888800 3.803000 -24.799500 -15.284100 -26.807400 -6.674400 -6.448700 -10.231600 -7.348100 3.529700 
0.782000 11.486700 -1.239600 10.220000 10.479700 6.368600 7.202900 0.573600 5.055800 3.190400 9.290300 2.321600 2.135100 8.371400 -9.540400 -25.551700 -17.869400 -25.400500 -7.858500 -7.109300 -3.663800 1.724300 
0.784000 9.433900 8.011700 7.332100 6.292000 7.741800 6.593200 5.437500 6.749700 -1.952100 5.691300 3.333400 -0.661900 7.457900 7.828000 -14.282100 -31.777200 -24.131700 -19.639200 -12.740900 3.570900 0.370200 
0.786000 6.587000 6.638000 7.378000 5.401900 7.830500 6.352800 13.460600 2.756700 5.216400 1.930400 11.226200 -0.693800 1.689000 -8.639800 -6.691800 -45.821300 -7.360800 -19.373200 -6.093200 -3.119900 2.038500 
0.788000 9.059400 11.633300 7.533300 10.363200 6.280200 7.736500 9.630900 7.591600 -0.808600 -14.225300 7.559400 2.796200 5.989300 -28.524700 7.110700 -17.661700 -7.098700 -13.989500 -11.125400 -4.232000 -2.872700 
0.790000 4.928000 -4.412700 9.590300 8.486700 6.000900 9.982800 5.177200 9.512400 7.341100 8.259700 -1.990500 3.305300 -26.739500 10.190200 0.488500 -2.994600 -24.956200 -16.239500 -6.264100 -3.549000 0.099500 
0.792000 10.320800 7.994200 7.155500 5.611000 7.678100 0.292900 6.351800 9.249600 4.789900 -0.762000 -5.501100 -8.074400 -9.250100 -26.601700 -28.650100 -2.677600 -25.499500 -6.881800 -13.204700 -9.871400 -4.221600 
0.794000 9.342300 10.306000 -0.542700 7.309400 6.323400 1.917300 -4.365400 5.992000 11.295300 8.309000 -2.456000 0.048700 6.037100 -27.852400 -20.719900 -8.973100 -15.164400 -16.643200 -10.667600 -5.373300 1.378400 
0.796000 12.025800 7.739100 11.022300 -0.688500 4.669000 8.498300 -1.672200 2.442800 4.469300 1.496200 2.649500 8.833000 5.628600 1.687300 -15.794600 2.004300 -2.550200 -14.724300 -8.690000 -5.923200 4.413000 
0.798000 3.281500 4.923200 10.949700 11.039400 1.378900 2.927700 -3.004800 -0.557800 3.495200 5.155500 6.306700 0.873300 1.381600 -20.355000 -23.714400 -15.173200 -28.289300 -19.509500 -10.040500 -0.572000 -0.931500 
